9.557782244571154662e-01
9.168325137697552751e-01
8.863623019537739678e-01
9.792089810302599950e-01
9.202076393921047037e-01
9.798405595120441847e-01
9.057208944086873048e-01
9.513219457333902396e-01
8.818327030286868817e-01
9.403228722272405360e-01
9.808017782987917821e-01
9.947336984817406469e-01
8.717496022664472655e-01
9.661558775188339165e-01
9.118267738048720927e-01
9.402136580498833274e-01
9.162707892185152359e-01
9.873900889324592756e-01
9.872605541641831239e-01
9.019401164543238147e-01
9.527061562476637491e-01
9.270951964906676279e-01
9.295177738912643317e-01
9.622343711309881975e-01
9.393212250646840733e-01
9.635234535941945566e-01
9.522521254090962062e-01
9.190665800517656692e-01
9.278070775497909706e-01
9.341346252395797967e-01
9.268102278871054311e-01
9.228633528250559381e-01
9.460171049093883955e-01
9.112934167024955290e-01
9.165684921979760924e-01
9.568293704187309512e-01
9.593029199345384228e-01
9.442945705022639524e-01
9.803772479951327057e-01
9.565691560009530470e-01
9.563786759583462471e-01
9.391687025600788941e-01
9.565390839584021476e-01
9.063669787484196494e-01
9.321693603424905383e-01
9.691753998640640910e-01
9.214081754579936945e-01
9.240678969432060130e-01
9.764576160508073865e-01
9.272562997092005377e-01
9.768321184881486596e-01
9.281665465486560462e-01
9.136410555130153321e-01
9.254125013997995808e-01
9.486533057615751385e-01
9.282776460953077180e-01
9.427533123731497433e-01
9.070896159765293731e-01
9.423680744351528027e-01
9.113591626992770811e-01
9.515520532837993262e-01
9.382562589107193984e-01
9.593386992526149459e-01
9.400861813225106500e-01
9.503092503764902776e-01
9.352854708246138848e-01
9.430319047172471825e-01
9.502632250559234217e-01
9.420167891181907560e-01
9.621423683519467751e-01
9.355811777151209485e-01
9.349938074623197481e-01
9.527452561259447394e-01
9.398494994050827778e-01
9.441020187196317304e-01
9.227732052884219938e-01
9.367289398761060593e-01
9.209377777895673134e-01
9.208766718856524758e-01
9.197160444025453963e-01
9.502639422659475699e-01
9.641070435243731529e-01
9.440054077115873632e-01
9.484800748132495851e-01
9.342501738257398269e-01
9.323069104547573316e-01
9.415813596076711978e-01
9.604603626807820538e-01
9.472298382761099589e-01
9.520569106834916306e-01
9.528852203943207755e-01
9.331288673710614878e-01
9.267277091310827108e-01
9.607839354088167916e-01
9.438183153841454009e-01
9.384958093767414855e-01
9.709253093762297837e-01
9.629850118041393126e-01
9.397707876291641060e-01
9.357997538497919709e-01
9.435283762609560920e-01
9.412526103588874093e-01
9.178494340932905615e-01
9.335850559307006247e-01
9.689757338805812248e-01
9.475503952788634221e-01
9.285282864390743685e-01
9.262066790679058803e-01
9.177115945550142762e-01
9.387906988840805100e-01
9.428033717198840424e-01
9.359799356194379305e-01
9.553232403381716198e-01
9.311272242558308321e-01
9.377558355241413235e-01
9.216033415476099222e-01
9.303576303673097847e-01
9.472880253862088207e-01
9.330968232476597457e-01
9.559550263581992890e-01
9.265138502728120784e-01
9.463607688944400964e-01
9.427411487347554520e-01
9.351491462384329267e-01
9.429588818545604489e-01
9.297733704987510839e-01
9.253680559333080646e-01
9.389784445383149158e-01
9.441294930400849772e-01
9.401969649061346912e-01
9.294172742261546105e-01
9.392621142517494359e-01
9.344714114673806638e-01
9.422240206915517557e-01
9.297895959715525294e-01
9.450933475278818774e-01
9.343884088575088454e-01
9.372465116112667083e-01
9.390905718728174145e-01
9.393761930178811115e-01
9.501504767128787776e-01
9.246022723385521891e-01
9.484141616926233809e-01
9.246613719992975433e-01
9.452522820986648533e-01
9.468920606422103203e-01
9.409807294408394363e-01
9.422740185180760175e-01
9.361389343583886857e-01
9.446305218612922605e-01
9.258798977742553893e-01
9.415667326898804479e-01
9.283993708012163726e-01
9.277866787422061057e-01
9.492073999145271834e-01
9.323218465403517730e-01
9.410574938881046680e-01
9.378824462235633153e-01
9.386374454735003647e-01
9.259577025488698876e-01
9.213189633274059265e-01
9.315253427280354437e-01
9.370811651067387782e-01
9.472172577660596948e-01
9.472421319870337753e-01
9.394411166960214832e-01
9.389565425342727423e-01
9.345443177658065981e-01
9.631757498501213322e-01
9.357765449168032879e-01
9.340106589948055094e-01
9.429190461897722919e-01
9.338744546337633956e-01
9.401998910906231854e-01
9.215137614199634397e-01
9.425014902542325768e-01
9.216911806196151913e-01
9.530887467607701558e-01
9.227152237560461989e-01
9.430194319250919666e-01
9.450382890145206938e-01
9.463949016335416742e-01
9.377643101306259998e-01
9.397305593524288847e-01
9.450097449211998235e-01
9.474216887192709047e-01
9.293797130885727009e-01
9.413991323263579680e-01
9.500822959988213245e-01
9.385545997238580185e-01
9.378399696172819988e-01
9.331244110754516319e-01
9.394814967328237731e-01
9.345579257211455992e-01
9.308257509646097327e-01
9.535554905747279930e-01
9.218286015759169505e-01
9.405950686047227505e-01
9.322997227381698560e-01
9.350782398992768529e-01
9.290208968304186632e-01
9.457222050849064532e-01
9.458769439815639668e-01
9.368859909533281405e-01
9.500244020312524906e-01
9.495575528995553460e-01
9.343271547167741886e-01
9.269755588139726443e-01
9.342582871194138328e-01
9.311122187770554115e-01
9.485266702191365029e-01
9.381159766239737241e-01
9.433859511120963326e-01
9.333586741986236168e-01
9.453771125846306411e-01
9.440692527586376226e-01
9.327544188633010158e-01
9.316071206433458318e-01
9.252296520020634185e-01
9.384335321417932585e-01
9.436524103481154224e-01
9.447359334523481866e-01
9.613919823614892612e-01
9.371768743458219753e-01
9.429566569921611352e-01
9.311523599393591866e-01
9.517451879968333861e-01
9.263570335955690904e-01
9.367224523447548190e-01
9.442059764740605710e-01
9.380479946666474556e-01
9.347772062713380903e-01
9.448083119873718072e-01
9.303395090700027348e-01
9.411849842740797056e-01
9.346017361385652311e-01
9.380236604365201902e-01
9.476289441189955642e-01
9.371051567757719969e-01
9.439235633012752480e-01
9.489570845717204550e-01
9.383166092504564570e-01
9.436367441228207253e-01
9.468959640516042553e-01
9.371017532917067516e-01
9.324491236710176212e-01
9.233634210289132227e-01
9.436069050090442056e-01
9.467853117682962782e-01
9.352328805894049024e-01
9.320867995242995141e-01
9.301105254299933955e-01
9.309846496500412405e-01
9.424743337110118580e-01
9.413789226022626355e-01
9.417913082630061661e-01
9.425247117563876342e-01
9.441335921790167118e-01
9.321768235876868314e-01
9.322967205134474744e-01
9.517209501821526363e-01
9.303241690954268117e-01
9.355441051177467715e-01
9.307121226429104777e-01
9.376071287676766008e-01
9.281373590225298065e-01
9.433199004727057524e-01
9.385219995510760693e-01
9.414553120540272158e-01
9.390459004054384495e-01
9.437706244950144763e-01
9.439119757757109541e-01
9.434054121641625157e-01
9.415913625138253584e-01
9.326206440201684211e-01
9.347498628728081460e-01
9.383447306973994317e-01
9.308714065540649729e-01
9.485881949936134649e-01
9.332122206727542224e-01
9.470930926167639985e-01
9.492411659971409232e-01
9.378583241937102910e-01
9.434519212324400383e-01
9.369481825763563698e-01
9.415732074236381477e-01
9.356398505517673492e-01
9.199317570158386248e-01
9.499627966545685087e-01
9.469015794774300332e-01
9.352482296718748200e-01
9.512566091220746589e-01
9.327162915076951943e-01
9.443467716191313865e-01
9.384660874327420688e-01
9.408740974047040684e-01
9.230925649652275133e-01
9.519125919963373761e-01
9.397851778985474303e-01
9.379133607388421279e-01
9.410245188913129999e-01
9.343027287449354734e-01
9.388101381199086548e-01
9.366244536539789500e-01
9.299569118525345957e-01
9.340033746178030283e-01
9.267183463074486482e-01
9.451930308805623904e-01
9.401224152513114607e-01
9.331100657194810744e-01
9.443997167737705478e-01
9.334180414107173807e-01
9.465967870192938394e-01
9.309130913462539958e-01
9.361721779448973768e-01
9.475321294271973338e-01
9.323540850611981012e-01
9.314396449471821215e-01
9.360693160299110582e-01
9.441492289815007766e-01
9.291264792797107042e-01
9.304418842317656591e-01
9.354196483226592251e-01
9.385183095560276634e-01
9.413830555039237602e-01
9.404080963016500094e-01
9.524929365532063263e-01
9.458515598071600694e-01
9.488068339405314466e-01
9.461850911475137016e-01
9.435327429310983449e-01
9.422703085128540934e-01
9.386663334087129718e-01
9.390353552824682870e-01
9.461855709441486795e-01
9.389930282450574817e-01
9.352913908395772413e-01
9.458692896340750167e-01
9.523118602104099217e-01
9.391159942798636973e-01
9.288920330868558617e-01
9.485223131629358928e-01
9.461904064937763925e-01
9.467413059563174471e-01
9.361910708656255853e-01
9.401149844789761234e-01
9.548592165818675648e-01
9.201126092963322067e-01
9.372643350841080023e-01
9.404615499704950254e-01
9.387329644238103787e-01
9.306790971978177174e-01
9.352183338181769834e-01
9.470446496898309308e-01
9.459128210263390013e-01
9.306643133081935471e-01
9.332415958035801262e-01
9.380731448605433842e-01
9.444293918524643283e-01
9.436003156378248713e-01
9.475824651661924891e-01
9.345318321595309508e-01
9.405540706246013904e-01
9.301501172582763433e-01
9.475769823012392123e-01
9.417700348447822778e-01
9.374830484631505589e-01
9.426532657156094785e-01
9.426647625835860023e-01
9.505931700753879054e-01
9.513378525615031611e-01
9.547567510651315814e-01
9.442274578227736193e-01
9.404887919229094617e-01
9.458793309562921747e-01
9.308959652468172807e-01
9.480520780392512892e-01
9.501998475994911653e-01
9.436598268916014387e-01
9.413238266795727061e-01
9.497005952641021098e-01
9.567502859444236840e-01
9.367872903198553036e-01
9.327479914703018515e-01
9.384047923532534696e-01
9.708065585845365719e-01
9.603184018609518535e-01
9.521563009795364074e-01
9.506303407405677364e-01
9.432860774184779196e-01
9.570570067054425811e-01
9.537043245791831936e-01
9.521555701905650704e-01
9.464389963181446541e-01
9.446421416324685127e-01
9.536111266717075541e-01
9.395748625293327549e-01
9.573509121080490125e-01
9.616003604881344646e-01
9.559085584768906019e-01
9.597180621261272027e-01
9.560053421770208226e-01
9.568929406569823826e-01
9.670400252035288302e-01
9.551378978709689216e-01
9.604284273741969802e-01
9.496292810911258764e-01
9.559377045238222070e-01
9.588616568328647283e-01
9.475086018567225876e-01
9.487399274601786558e-01
9.523654757446954333e-01
9.588013425602408546e-01
9.674932656840286027e-01
9.608517229961657247e-01
9.515562118574066863e-01
9.562711305750176694e-01
9.624450935825826781e-01
9.627128088219569779e-01
9.617519921681549899e-01
9.582479584992967814e-01
9.510787349976208560e-01
9.634429673564222085e-01
9.609931136543164998e-01
9.563255546601634460e-01
9.595687545462865398e-01
9.610036156132085727e-01
9.637226852406354238e-01
9.605080795467019206e-01
9.661447183323125243e-01
9.609915592043710708e-01
9.606135739222170233e-01
9.655076617976706688e-01
9.735878600422888107e-01
9.625833451147023379e-01
9.497285093414855606e-01
9.579554122009491524e-01
9.613196754783952525e-01
9.613914264382767971e-01
9.546640068958981429e-01
9.604371468390739963e-01
9.656636494907758772e-01
9.758148966024892124e-01
9.765913673385239191e-01
9.738920534697202980e-01
9.617507718317682697e-01
9.617955967663173178e-01
9.615997145247132671e-01
9.723659565000647431e-01
9.705966841833644221e-01
9.678673555930207284e-01
9.622130562526843844e-01
9.696729038819025259e-01
9.674140525588555972e-01
9.567205563956610037e-01
9.688700390881317404e-01
9.779520399581863588e-01
9.788915644187223819e-01
9.632386839722396621e-01
9.738960885588433536e-01
9.791077886912565864e-01
9.809521097896666264e-01
9.725955645784617465e-01
9.638925374840973115e-01
9.703922251109213803e-01
9.743887204234004118e-01
9.592102886102794601e-01
9.676322488730756399e-01
9.615950753731015155e-01
9.703513241675929546e-01
9.733098612781917458e-01
9.665520676621921492e-01
9.712582655699522061e-01
9.693291169409499197e-01
9.782927632111605432e-01
9.680316839121140271e-01
9.701958550778820856e-01
9.721823592184368756e-01
9.631612679191492443e-01
9.687869468143937013e-01
9.739478260330376447e-01
9.656100471672083296e-01
9.656893172671275893e-01
9.694858582991535689e-01
9.664629108438014260e-01
9.686220554863458343e-01
9.702584437893057023e-01
9.706310853901943814e-01
9.664510364539997678e-01
9.698469149904388464e-01
9.551048946735469780e-01
9.642653434201573504e-01
9.700714842293544082e-01
9.614458065974418322e-01
9.686764574874312528e-01
9.638156370120796179e-01
9.692098873689826144e-01
9.684039568919275975e-01
9.574003210202683967e-01
9.809928751702813310e-01
9.704624699896150508e-01
9.765224449826725994e-01
9.759333683496408396e-01
9.751111981607931689e-01
9.664384572559033826e-01
9.668867648775015811e-01
9.737322399997828670e-01
9.690675328225200058e-01
9.665643305668606411e-01
9.691752925854890677e-01
9.601490549644486894e-01
9.687165064433980177e-01
9.635992163994896442e-01
9.600419937947990423e-01
9.711091160417841817e-01
9.701765770385218923e-01
9.648865768742702631e-01
9.667776109187308231e-01
9.525550536826452586e-01
9.759272979970758932e-01
9.668772875324939120e-01
9.727792138855501092e-01
9.654759059205662020e-01
9.747905014020672443e-01
9.726172866167603903e-01
9.748872141103182010e-01
9.688878838457004594e-01
9.640150984786846067e-01
9.620975173580069706e-01
9.605818221716481142e-01
9.701914980995421933e-01
9.504034694058092203e-01
9.663769530961366927e-01
9.681301602111327398e-01
9.696514966317413275e-01
9.550176720475441750e-01
9.556756250103027872e-01
9.719998494145981605e-01
9.728139023516276795e-01
9.681031811690006261e-01
9.703357470566914555e-01
9.676553593644857676e-01
9.707702732189785744e-01
9.620273700145959284e-01
9.589230985651694406e-01
9.651750715171896200e-01
9.586537432897576094e-01
9.574111782141923044e-01
9.679848532625058288e-01
9.566700529584131196e-01
9.600656492860849545e-01
9.570236969841795505e-01
9.678121798845286117e-01
9.629004852648875845e-01
9.622829729518270758e-01
9.582060131553927773e-01
9.665669629422962705e-01
9.719310572128333492e-01
9.502828512985307396e-01
9.633987292755163967e-01
9.595091080856047450e-01
9.627176713153235976e-01
9.661051288491693256e-01
9.694547157394706183e-01
9.672058735998857459e-01
9.701636337980640290e-01
9.658601773701801507e-01
9.619516918851060971e-01
9.639340393114482763e-01
9.729096789712865512e-01
9.667335886003377565e-01
9.649014648297887797e-01
9.603801460300456228e-01
9.629932055579372152e-01
9.597293499090862046e-01
9.696460809416186377e-01
9.649713476274780488e-01
9.643301420850795003e-01
9.640926370616623720e-01
9.652287542048884061e-01
9.554198353753937667e-01
9.660612854767538504e-01
9.555919270236564733e-01
9.669782624375644620e-01
9.666874335597379631e-01
9.647758973085089895e-01
9.539552842309917402e-01
9.534062892042511894e-01
9.554998367577933749e-01
9.606518663726231200e-01
9.602240749729388236e-01
9.732630291088776309e-01
9.651371167478691726e-01
9.610223117315108698e-01
9.654146101533248592e-01
9.500749953595416519e-01
9.692708946963889405e-01
9.614258407362344938e-01
9.644324976757842061e-01
9.572407376556786307e-01
9.640651232231369772e-01
9.661585475002156809e-01
9.646304724645435869e-01
9.665205052701641986e-01
9.603105904976810825e-01
9.672252162883037130e-01
9.547371013099930082e-01
9.648481374157632517e-01
9.546281200464006300e-01
9.654031523013634208e-01
9.606773312015475241e-01
9.674372184194952595e-01
9.659498498952913126e-01
9.592948131954068813e-01
9.640049285597659390e-01
9.585334135190286542e-01
9.632772735563100985e-01
9.592331327338051716e-01
9.685061044935422414e-01
9.788830733918558735e-01
9.620568898638844901e-01
9.629153795053098097e-01
9.555270403846151117e-01
9.689744033298229864e-01
9.593096550670598965e-01
9.689449410761364900e-01
9.620750441280069287e-01
9.632781591516513808e-01
9.697188102969347412e-01
9.711516369759168876e-01
9.706969766947742828e-01
9.658866465956907899e-01
9.605263500576510793e-01
9.744293502675670515e-01
9.591627703337547439e-01
9.674535875897937176e-01
9.699506727271134388e-01
9.753049493130344638e-01
9.648840127936415545e-01
9.686917294239567600e-01
9.656537110639454857e-01
9.646740856436484268e-01
9.708191588183581189e-01
9.663318535214930893e-01
9.705544664630054719e-01
9.739558365077228830e-01
9.649774697295805392e-01
9.721094825082841062e-01
9.716555106932881491e-01
9.712827602816804795e-01
9.838020155913527187e-01
9.684153862608552155e-01
9.742635659047563790e-01
9.642968258492251588e-01
9.713788618039282952e-01
9.776045620150513038e-01
9.830136910842950382e-01
9.741326649905428514e-01
9.741306598775686387e-01
9.744376037894255660e-01
9.722695590953810418e-01
9.780594635066029996e-01
9.724774892316089270e-01
9.720047158143155785e-01
9.755224607071731890e-01
9.744337603735211406e-01
9.784688317569143479e-01
9.763049847231454192e-01
9.694706827151108319e-01
9.863100393880976924e-01
9.813805269127506836e-01
9.738868793914521316e-01
9.809900437562167896e-01
9.871091421352629069e-01
9.701332025112133772e-01
9.806106893995282237e-01
9.797721618589548820e-01
9.829924190837553422e-01
9.854955842085588724e-01
9.756492881136366035e-01
9.805535804764662355e-01
9.730608740595395600e-01
9.858266099178770725e-01
9.978353409196706325e-01
9.891429822093800173e-01
9.833235377757651996e-01
9.773700658463553292e-01
9.861276013104069982e-01
9.812523347885138136e-01
9.805945607372872352e-01
9.845228551484388468e-01
9.784119298501656736e-01
9.849253928961695381e-01
9.887931956107586240e-01
9.762401831690200593e-01
9.912831178855538994e-01
9.841344648361411984e-01
9.795168030457516162e-01
9.918594648594459828e-01
9.862181009064976411e-01
9.876985073901541901e-01
9.835720612253714412e-01
9.875596193204777551e-01
9.818188210096989721e-01
9.925656257624835277e-01
9.924550431188829958e-01
9.886469185549158212e-01
9.833412591663095448e-01
9.916781498746839452e-01
9.988445637219249829e-01
9.922130335523507982e-01
9.858191130874419672e-01
9.882862811547387105e-01
9.959840053240426316e-01
9.856969716653429803e-01
9.884733448145909263e-01
9.955494541301639355e-01
9.881559458536393059e-01
9.857722429874216097e-01
9.859313504986382259e-01
9.963318124564406464e-01
9.910746628734786734e-01
9.828430872630020687e-01
9.830939941318985742e-01
9.978568110345753528e-01
9.967968358439465160e-01
9.904151401213192596e-01
9.971563164294509063e-01
9.972323319841535083e-01
9.892438622383353808e-01
9.891587805400834377e-01
9.859678890834562281e-01
9.957376803001930510e-01
9.978598426030270696e-01
9.937928497253694093e-01
9.939015164239481948e-01
9.936373787454653161e-01
9.896809880914205770e-01
9.911334652368098963e-01
9.961436876015886677e-01
9.947401275975007451e-01
9.900532557997572258e-01
9.947703777179850437e-01
9.912088913568555260e-01
9.971387366171318156e-01
9.971842314651072625e-01
9.927252837736725288e-01
9.929173470022908399e-01
9.925217217692163807e-01
9.890168886024560679e-01
9.924519670697585783e-01
9.933026376314422201e-01
9.954076298694880531e-01
9.925763175695928586e-01
9.942112814019516964e-01
9.902914289051830687e-01
9.928047087264577630e-01
9.922529469472769481e-01
9.891169092552026809e-01
9.913653742722083884e-01
9.913093817167683008e-01
9.966275711998983100e-01
9.973518795524447533e-01
9.981127811119064885e-01
1.001399083659782363e+00
9.928945622138617422e-01
9.869935245183133476e-01
9.870813800283372297e-01
9.865839753954245284e-01
9.891086806295400491e-01
9.892639777209579766e-01
9.950469840587808923e-01
1.002723139134271912e+00
9.949913100515658249e-01
9.975114434015113218e-01
9.886594985249013146e-01
9.847768878830100991e-01
1.002967460763515950e+00
9.932175729534393760e-01
9.956630957207978083e-01
9.862679610707011379e-01
9.907947042596566556e-01
9.920333380482938557e-01
9.946015843531756939e-01
9.834032023140529821e-01
9.906281776494303415e-01
9.966269235036091523e-01
9.927711268278128776e-01
9.873649729216837923e-01
9.789384180760140053e-01
9.971584081297985014e-01
9.845343132311784595e-01
9.864934561515983358e-01
9.911050516927585319e-01
9.838664016967894055e-01
9.937079923938477721e-01
9.907030684674023036e-01
9.850938862761540182e-01
9.973257364184031637e-01
9.793206258136490927e-01
9.824438475394414727e-01
9.905732991066649173e-01
9.940019824802370785e-01
9.907227156042591742e-01
9.887596231013722203e-01
9.800903972026798749e-01
9.895763588335740879e-01
9.820437253628652163e-01
9.838435362552940822e-01
9.956048193831963378e-01
9.939775894024629466e-01
9.841178540470524316e-01
9.879798919629124709e-01
9.791494393980814115e-01
9.873592197206767507e-01
9.872400151256941481e-01
9.818635185634759788e-01
9.882056303157588095e-01
9.908885398239336562e-01
9.873016188346449562e-01
9.983676217020244215e-01
9.864209184361895089e-01
9.839836649042154049e-01
9.815300555488529755e-01
9.932256786476372223e-01
9.879179759438376784e-01
9.843348916723811959e-01
9.912644926547735658e-01
9.865338013796749461e-01
9.901241791044043117e-01
9.896365180144918172e-01
9.751882199704469123e-01
9.813071512109958761e-01
9.885090975706016803e-01
9.848186257116554598e-01
9.792392922722834570e-01
9.912322610788782962e-01
9.775265840617316515e-01
9.822077646702935816e-01
9.850073535512869904e-01
9.810182031687870730e-01
9.829424855316570842e-01
9.876508946973505676e-01
9.870100778486122772e-01
9.856742359438148693e-01
9.791321567380630864e-01
9.906630978045418701e-01
9.780823862201255547e-01
9.862469501949113759e-01
9.765689723992614368e-01
9.812544741192524844e-01
9.746985884308583259e-01
9.814908241837759784e-01
9.797193346345826059e-01
9.826180858195794343e-01
9.769673707024262299e-01
9.819680206018158719e-01
9.857348159980032776e-01
9.861057519542065775e-01
9.680416260173480003e-01
9.770634434563416626e-01
9.732193244334261806e-01
9.811800280200534408e-01
9.743742528723770002e-01
9.755190537689887309e-01
9.835514549218851155e-01
9.826057869634771125e-01
9.711713537987605172e-01
9.819346184881031503e-01
9.764114548799038840e-01
9.789723069273006395e-01
9.853232612815360225e-01
9.842175552281070550e-01
9.791046242758312257e-01
9.746633872945766885e-01
9.802834088080102370e-01
9.761549769505104557e-01
9.810195425041674522e-01
9.870830423689702648e-01
9.789567952543073437e-01
9.732498048168388705e-01
9.650782086071663102e-01
9.764583168132823232e-01
9.822484057219765807e-01
9.763263384477218754e-01
9.819173030008706560e-01
9.768790660779226309e-01
9.741054536911032402e-01
9.801434337174945721e-01
9.681615467276983855e-01
9.864242371467349946e-01
9.713092750556828747e-01
9.722055171740282553e-01
9.827428873376807816e-01
9.785239722843560584e-01
9.695648753980399270e-01
9.703020812757195968e-01
9.770356208587226421e-01
9.697158562387568903e-01
9.766703350419837504e-01
9.748763786769659712e-01
9.719632698452389530e-01
9.797179665451887232e-01
9.681350563448924973e-01
9.775404061840515801e-01
9.748450148289932171e-01
9.724568458055480313e-01
9.771159364829901106e-01
9.685265410242821504e-01
9.763206276511011694e-01
9.754807601013004703e-01
9.779464865273514995e-01
9.814270504670349338e-01
9.757749122390479979e-01
9.751963144050467269e-01
9.770391616038127669e-01
9.741540062781860465e-01
9.775352362838126696e-01
9.765262191330934538e-01
9.777423723800193756e-01
9.795081585028291293e-01
9.816880143375478207e-01
9.702148961746380751e-01
9.684224742587195234e-01
9.677041997965946107e-01
9.759429465512229340e-01
9.796141870453551892e-01
9.751320286648157420e-01
9.680802946470941084e-01
9.776681743888264720e-01
9.747376615017889767e-01
9.692032964742730572e-01
9.715649849318342968e-01
9.681349909144294497e-01
9.769123599907020283e-01
9.730308765016795203e-01
9.722387415372474306e-01
9.643219998969679851e-01
9.676382356239102700e-01
9.800234157849001537e-01
9.752815055996372218e-01
9.783487749956930601e-01
9.698773945467178415e-01
9.741080619748129221e-01
9.738182062055182886e-01
9.801643581702949026e-01
9.774564492095442203e-01
9.724476711827279019e-01
9.728218977764867548e-01
9.765596008057402244e-01
9.781710441776128029e-01
9.737695796146358385e-01
9.686384175316326006e-01
9.759128448673941580e-01
9.807257665727829865e-01
9.684397404245808083e-01
9.849990524000162839e-01
9.668154954782111066e-01
9.781975833649426688e-01
9.761751597581800333e-01
9.761526958660394770e-01
9.855194863199499000e-01
9.767946269307006268e-01
9.832464883006094558e-01
9.894476383213917092e-01
9.711028766235947352e-01
9.792116477166999955e-01
9.732229329897839065e-01
9.776600363127065929e-01
9.803508165204154468e-01
9.845281745237927096e-01
9.864582986798660080e-01
9.844794375549967835e-01
9.772597633627303493e-01
9.861794879862449958e-01
9.842741299498201091e-01
9.807154630041358123e-01
9.768712156213688047e-01
9.807847015953449210e-01
9.846987102756769028e-01
9.845366790681421287e-01
9.873539841041316656e-01
9.898556540145171390e-01
9.852825062132639644e-01
9.997542129233132346e-01
9.860491845771722774e-01
9.900964162837982974e-01
9.918910956841706650e-01
9.895360453040847881e-01
9.887579962838504155e-01
9.844926669681260956e-01
9.906945538607828672e-01
9.883001259101705793e-01
9.857048091526720013e-01
9.954650463570687835e-01
1.000261061841716481e+00
9.849159501045374743e-01
9.867591727975094651e-01
9.847432311216928191e-01
9.873306701841458866e-01
9.896330273728621840e-01
9.979301758007631529e-01
1.003196657642545730e+00
9.995235838198169853e-01
9.945919461111828452e-01
9.926929569656732788e-01
9.987744368139817031e-01
9.955282493007876488e-01
1.004917025534794783e+00
9.947168634787659780e-01
9.956759695933258270e-01
1.003249102030792761e+00
9.957564327851631258e-01
1.006647072823323885e+00
1.006489443987806709e+00
1.000106245942921079e+00
1.010572130575664529e+00
1.004867529257986281e+00
1.001653392917795982e+00
1.005822886424627693e+00
9.956445698324875027e-01
1.007560323900730914e+00
1.006676033686285887e+00
1.006455064366699848e+00
1.005668889591508686e+00
1.004376562798155570e+00
1.013383604198675458e+00
1.008200311892985868e+00
1.009058095857536586e+00
1.009951113101282383e+00
1.012831811541128779e+00
1.001501949469689956e+00
1.009183526575095691e+00
1.013707291714290193e+00
1.013348006102654075e+00
1.012274345194400516e+00
9.972503886184903577e-01
1.010302306477641743e+00
1.009428172378692201e+00
1.014654218707193856e+00
1.012335459932930393e+00
1.009555516917441276e+00
1.021508492198978102e+00
1.016150903939204264e+00
1.023425697927764499e+00
1.015937735306988943e+00
1.004901161070119064e+00
1.015930285040336889e+00
1.011973354303959072e+00
1.018318252416444913e+00
1.010881251853849250e+00
1.014446294808550864e+00
1.015990901027774784e+00
1.022134145290430673e+00
1.018062783638719271e+00
1.026627431224241160e+00
1.015953644547409107e+00
1.010318057681435455e+00
1.015615428148536559e+00
1.013747851949674317e+00
1.010820374795779353e+00
1.009234682763345603e+00
1.017197990041671884e+00
1.017492593812758583e+00
1.012312738925771560e+00
1.010501599610026613e+00
1.023665423738350011e+00
1.021793709166144204e+00
1.013591173809759605e+00
1.027619050961251723e+00
1.020086685091681655e+00
1.007024543775206782e+00
1.011033771756484789e+00
1.015483735714297175e+00
1.019607723837187008e+00
1.013552025404449664e+00
1.009858023859314002e+00
1.016905694230819224e+00
1.014500586456887454e+00
1.016847715181774747e+00
1.016814721104922992e+00
1.017471976740472295e+00
1.017230407068906883e+00
1.028707610501463643e+00
1.017969593653818450e+00
1.007356356653102081e+00
1.020160800771907406e+00
1.014268437052183724e+00
1.029112183491538213e+00
1.028873126799948245e+00
1.019052957127993597e+00
1.019388960631567143e+00
1.012303842456298675e+00
1.017034613675565469e+00
1.016639675101029372e+00
1.016513038446690054e+00
1.016888494336981807e+00
1.010711323784768245e+00
1.018423564570502426e+00
1.015394989934954806e+00
1.018325286739233393e+00
1.011500915062672368e+00
1.013515610154073432e+00
1.020078833776451699e+00
1.020258351477243641e+00
1.014076015699360900e+00
1.006372349446265302e+00
1.013147505091678502e+00
1.027614883058952211e+00
1.016096169681763195e+00
1.023285088670972121e+00
1.009530815331925568e+00
1.020123763801329408e+00
1.018540540446488007e+00
1.007403440334325939e+00
1.005595931071109339e+00
1.018344376415296626e+00
1.011308571735846096e+00
1.011636388561521605e+00
1.013408940158827765e+00
1.013603083745394651e+00
1.011577479609191643e+00
1.009235821214092832e+00
1.011211138774273710e+00
1.008939143162450369e+00
1.018579584441895225e+00
1.008205885937129453e+00
1.003248942318685888e+00
1.016342927925243611e+00
1.017224106857267829e+00
1.007521604530791759e+00
1.007538656931092458e+00
1.010768534409816954e+00
1.001796906251761543e+00
1.012468952447621140e+00
1.013525023515705836e+00
1.011345948381200621e+00
1.002811492549014583e+00
1.014580144995018474e+00
1.014237302312164468e+00
1.008095218143674199e+00
1.007310070265662327e+00
1.011142965851318243e+00
1.010654113031318913e+00
1.010887160946946972e+00
1.010905994791926332e+00
1.003911732784141808e+00
1.008351272803507781e+00
1.010224260102211558e+00
1.005452313624869864e+00
1.010767369475155775e+00
1.009504214835006186e+00
1.013764323950341106e+00
1.009475036397321723e+00
1.002386284440794695e+00
1.007093695090889751e+00
1.005604571154034232e+00
1.004577418292166513e+00
1.004902572815205231e+00
1.008866184337623650e+00
1.004696778222313069e+00
1.003106799394342774e+00
1.003976713717128488e+00
1.006403831394464099e+00
1.007488807534903996e+00
1.006868323306240098e+00
1.007460596749694570e+00
1.006185935277467580e+00
1.010349843911838352e+00
9.991756770989953518e-01
1.004797965781656144e+00
1.006901152252147824e+00
1.003763908082807577e+00
1.000179589603900743e+00
9.962864622397417103e-01
1.009565113645331413e+00
1.003861001836483968e+00
1.003241968129178874e+00
1.002389810167039208e+00
9.993990573712014935e-01
1.000523406163519091e+00
1.005230923753494432e+00
9.978596044072350901e-01
1.007881796683840259e+00
1.005227705817319572e+00
9.994687458666424718e-01
1.005408625165553183e+00
1.001820474998924793e+00
9.975322220430780096e-01
1.007013055904679710e+00
9.996052909224631966e-01
1.005901082501765575e+00
1.001590011625534293e+00
1.003076430865381452e+00
1.008102891032717663e+00
1.005019533570599366e+00
9.960179086654161740e-01
1.005058408547781168e+00
1.006467603034844283e+00
1.005275571108640076e+00
9.974113103049486728e-01
9.980561879645080126e-01
1.006073422477150148e+00
9.986587309164696169e-01
1.002316665411802754e+00
1.001566348444491439e+00
1.002560598626281552e+00
1.000714935061603361e+00
1.006713935185919340e+00
1.004164085376175297e+00
9.976643089955764543e-01
9.989704308725476656e-01
1.000637674198341598e+00
9.988304030656449672e-01
9.971842341600001269e-01
9.985417307713714274e-01
1.007276486812699545e+00
9.988003421776354696e-01
1.001298776063365370e+00
9.952016373723467924e-01
1.000104374619089187e+00
1.005287756976439795e+00
1.007267660698329736e+00
1.000929409463224395e+00
1.004951251978835947e+00
9.948604621405813253e-01
9.987862559258434692e-01
1.000814150506123656e+00
9.941647430670295105e-01
1.000046257938785432e+00
1.003607626829459365e+00
1.005914809177841152e+00
9.923510554040443354e-01
1.001887794931060283e+00
1.006437549000796627e+00
1.000664376755729279e+00
9.935816734320186416e-01
1.003746311055988549e+00
9.997900465319617958e-01
1.001146049328182519e+00
1.003433110000625961e+00
1.002474944684514702e+00
1.002790418440512976e+00
1.004389220363062662e+00
9.957633754982280205e-01
1.002646978520552734e+00
1.004400753322468809e+00
9.991565040024655842e-01
1.009986860031420575e+00
9.982978966092521667e-01
1.005862091199431596e+00
1.007555525351266246e+00
1.004428166327617111e+00
1.011394849090692549e+00
1.004397989237708622e+00
1.001761799334477843e+00
1.003318637875200148e+00
1.006781215653441253e+00
1.011351292299416782e+00
1.004516087872787233e+00
1.009897780003364165e+00
1.007212849173034996e+00
1.004526820549044075e+00
1.008157748916328034e+00
1.012157164174877888e+00
1.003446321999546420e+00
1.014228826548098539e+00
1.012915005355757181e+00
1.005594218754939595e+00
1.013992036961122389e+00
1.011931112445507264e+00
1.014620930587930125e+00
1.013229139289666403e+00
1.012589587553701209e+00
1.008723374802080963e+00
1.015501079490681136e+00
1.010660220665245523e+00
1.022021477311710891e+00
1.018034693665598178e+00
1.015373423537709874e+00
1.019051719821270297e+00
1.014170935316643263e+00
1.015387077294595208e+00
1.013592337397514864e+00
1.017395181547062322e+00
1.011094452461043680e+00
1.010908201916807414e+00
1.022400244732990071e+00
1.016160954522318249e+00
1.015708379391460969e+00
1.021409040429650528e+00
1.021142198542992485e+00
1.016459536145285059e+00
1.023684958582482540e+00
1.014328246594858873e+00
1.021710743257822740e+00
1.020559883311613403e+00
1.025578664485744085e+00
1.016121387574234092e+00
1.022824422133687738e+00
1.024300414313391361e+00
1.021228620918137597e+00
1.029843128456771062e+00
1.023693124385722797e+00
1.025841717207591763e+00
1.027232315832091292e+00
1.025244563553313393e+00
1.020723624218934145e+00
1.029717372857270608e+00
1.034306381405732056e+00
1.025171093539953171e+00
1.034268569035152741e+00
1.025848682421666824e+00
1.029088502229394519e+00
1.029651902795379881e+00
1.033822375846221497e+00
1.031469967013077360e+00
1.031247514969815926e+00
1.038192412933540254e+00
1.038166109988793551e+00
1.036722959860415294e+00
1.027412288833255305e+00
1.038774905007804783e+00
1.033485334303461345e+00
1.033509901932628816e+00
1.045229535807522980e+00
1.028592801091921860e+00
1.030930582656346628e+00
1.032822762940436290e+00
1.028478995504047866e+00
1.038834960444462219e+00
1.044885815663511242e+00
1.041901688752348232e+00
1.037773721325336185e+00
1.042833838195369456e+00
1.037065450800768840e+00
1.040163251249694332e+00
1.043538504893569918e+00
1.033681813943810424e+00
1.045806030839381062e+00
1.039294066532531424e+00
1.042742310301536079e+00
1.035094997149041962e+00
1.036520391364758042e+00
1.043197573491043029e+00
1.038265311435678351e+00
1.043021275138495740e+00
1.047330485614576867e+00
1.041299124772282925e+00
1.041598999072547604e+00
1.036980073108811240e+00
1.034806557166018770e+00
1.037887043690602251e+00
1.034991166978769916e+00
1.040557845907130963e+00
1.042245490238308925e+00
1.044381476031564171e+00
1.047546710507716750e+00
1.043353568406557130e+00
1.046147610456903188e+00
1.048385560464661026e+00
1.042430035900187013e+00
1.047067594256505085e+00
1.045794853998850860e+00
1.041170001001088030e+00
1.039384638033558073e+00
1.049650928983237419e+00
1.043918909219160085e+00
1.038083688075838618e+00
1.049650090797768609e+00
1.040129615191015766e+00
1.046018903998652716e+00
1.045210457172265572e+00
1.045780019878230327e+00
1.043046453891942615e+00
1.051926261288745668e+00
1.043042144418568684e+00
1.043083966188827372e+00
1.044794838673821280e+00
1.048319999577983497e+00
1.046557948200750987e+00
1.047422864898433392e+00
1.047394252994825248e+00
1.045666067428028478e+00
1.040083476745019775e+00
1.041651054133898358e+00
1.046713244811310561e+00
1.042148633495895593e+00
1.048899592060284158e+00
1.045198024095398859e+00
1.043694249682247888e+00
1.042598133121982906e+00
1.036289314432710329e+00
1.041023174006034502e+00
1.052456880556518648e+00
1.045749761854323001e+00
1.037488729905436502e+00
1.042589979309700876e+00
1.047823703815086160e+00
1.048128742820241266e+00
1.043551597787687912e+00
1.044121716586624560e+00
1.039194784834162721e+00
1.046634745111433507e+00
1.054826181089368653e+00
1.041529968714458798e+00
1.045293079382666468e+00
1.046496850436902992e+00
1.039188935688010185e+00
1.039588399905142957e+00
1.043810705078333623e+00
1.044820348404333243e+00
1.047020385582495994e+00
1.040087164853132018e+00
1.045990738856770408e+00
1.041918681237659294e+00
1.038983602584000687e+00
1.043343929057538366e+00
1.040267300327869737e+00
1.038390558213241999e+00
1.041450577782548237e+00
1.042054758035834805e+00
1.045354742391237490e+00
1.041925280320420644e+00
1.040257700475064828e+00
1.036492299059021516e+00
1.049657653561485882e+00
1.042354297654055406e+00
1.035686200565556492e+00
1.039013520513308197e+00
1.046169710411044784e+00
1.035844076884309573e+00
1.044337995586695822e+00
1.040302206371394478e+00
1.028582439108997271e+00
1.049063209492179460e+00
1.036833757595107652e+00
1.038342192783191509e+00
1.040963733491140575e+00
1.035152992610586686e+00
1.034957666953743693e+00
1.035613088056972053e+00
1.041035421021164087e+00
1.039794729925349381e+00
1.035712093700383862e+00
1.042153458670182609e+00
1.028262138302659556e+00
1.038667299337792560e+00
1.032769226665703588e+00
1.034071482360414906e+00
1.043206699448217201e+00
1.041773164344432567e+00
1.044483082896977111e+00
1.036656094815407769e+00
1.038314593466978852e+00
1.038904133334493496e+00
1.031348702511478921e+00
1.032949752486991057e+00
1.031007940266988054e+00
1.037408634910136795e+00
1.033943932137781907e+00
1.037598468265396479e+00
1.035104965846320280e+00
1.033499591100857318e+00
1.039146393352690101e+00
1.026746482411607486e+00
1.029485556369229338e+00
1.030735010874555213e+00
1.032637321536816755e+00
1.033663722155052866e+00
1.037227909330079800e+00
1.032504663975135184e+00
1.027326162073511462e+00
1.029152772589545961e+00
1.027201288745082097e+00
1.025333356295619058e+00
1.029829239978336863e+00
1.030241695076734798e+00
1.032295730241329146e+00
1.034048440501893262e+00
1.027798981246215604e+00
1.030113163354490213e+00
1.023513805227162621e+00
1.029905521944191715e+00
1.027172378973504330e+00
1.032156306002980140e+00
1.032441699922509670e+00
1.025031077171547622e+00
1.037894168868110922e+00
1.031398453127874815e+00
1.021274529140933307e+00
1.032871579199398093e+00
1.023067127504185381e+00
1.028504319101464670e+00
1.030871449609263024e+00
1.031714016180451443e+00
1.027606861770814062e+00
1.027799624009875901e+00
1.022141190325133397e+00
1.028283575495599012e+00
1.031825799158034407e+00
1.025182557161153030e+00
1.029179277482722865e+00
1.018530172246769006e+00
1.017835475042776050e+00
1.029392442897235194e+00
1.030986198165439127e+00
1.019555097274000621e+00
1.019889861989063728e+00
1.023952212135702533e+00
1.021130653503291796e+00
1.024898799711599695e+00
1.020089657851368070e+00
1.029174371354285356e+00
1.025731597627808744e+00
1.019264757650976350e+00
1.026398338425856593e+00
1.020917016001640309e+00
1.021171845110145915e+00
1.018712115859932599e+00
1.025323512175952301e+00
1.017404211531475200e+00
1.023632609951629746e+00
1.020597359580977415e+00
1.023733118931794861e+00
1.019404657501575384e+00
1.018227704123676025e+00
1.023764873732524228e+00
1.022470308669416683e+00
1.025841768496988493e+00
1.023987843660592700e+00
1.024052042680584806e+00
1.011119548032282767e+00
1.020902177032034563e+00
1.023259691609403221e+00
1.026308377410470873e+00
1.025081955687241031e+00
1.023463416884772492e+00
1.018124887367041209e+00
1.019895211529226797e+00
1.022752002045189679e+00
1.022842842049047629e+00
1.017862910949043798e+00
1.022145694109606762e+00
1.020759048329228813e+00
1.023608248660984987e+00
1.016364037104942941e+00
1.024445069250523144e+00
1.018477943466357782e+00
1.020659739367498320e+00
1.014488479194501247e+00
1.026832188056246764e+00
1.022371707931897244e+00
1.017002885876637786e+00
1.020049328724220494e+00
1.025329881983407354e+00
1.019797338187519387e+00
1.026081090356008918e+00
1.023831279258424320e+00
1.023561949019796691e+00
1.020144829244560958e+00
1.016368051368240710e+00
1.022325061031323035e+00
1.025123284454634520e+00
1.023688545944817729e+00
1.024609677479755954e+00
1.018045549127960525e+00
1.023469795692115047e+00
1.025551130933794575e+00
1.026749798337026620e+00
1.024547730124983902e+00
1.024667475498850511e+00
1.024512406073327497e+00
1.025635608853171510e+00
1.027751652692492801e+00
1.029020190140610191e+00
1.025541148242485434e+00
1.029331602341156948e+00
1.025148106082869992e+00
1.027516100739944260e+00
1.025026588995036070e+00
1.030366116533544929e+00
1.026082254790975812e+00
1.025816468350167154e+00
1.028961979080449840e+00
1.032650820343926856e+00
1.029033772942525626e+00
1.038387413473072396e+00
1.024863700802716826e+00
1.030922265915936054e+00
1.032148709990395430e+00
1.025477128582841457e+00
1.034946150758806693e+00
1.031281219972075558e+00
1.039070196069514118e+00
1.033742509374904195e+00
1.027177918701740689e+00
1.038258530819635039e+00
1.033320781769530461e+00
1.036089770734411442e+00
1.040310344786312680e+00
1.031405504631213610e+00
1.040269918282274997e+00
1.041451491672910068e+00
1.036974136102396971e+00
1.042980042931467066e+00
1.040634126286281269e+00
1.039627168547593294e+00
1.042280404681872774e+00
1.036724494368431282e+00
1.041508071904802213e+00
1.043392862193101234e+00
1.036812716990374028e+00
1.046526423831400487e+00
1.039381971776958569e+00
1.046198749354034119e+00
1.046182516241572102e+00
1.044352283486357669e+00
1.042737122836863817e+00
1.045821627170071766e+00
1.041580529429964042e+00
1.045954823435766956e+00
1.042492511569121039e+00
1.045894880209612632e+00
1.052543311208193444e+00
1.045630491608054546e+00
1.041521912504697722e+00
1.048112292240998444e+00
1.042939621581623122e+00
1.055162775921762108e+00
1.046711713222835627e+00
1.046841560004397209e+00
1.054335356738947960e+00
1.053606046433588128e+00
1.056783004258140313e+00
1.056419955124018095e+00
1.056716487762260792e+00
1.060142450805532377e+00
1.049899916332120764e+00
1.057846700484086133e+00
1.054214213037520720e+00
1.047362092031023373e+00
1.051079861160775231e+00
1.055398861143741041e+00
1.056835049676992044e+00
1.053642522604436360e+00
1.060685231970627251e+00
1.059458356739062079e+00
1.059813117684023531e+00
1.059620365838157996e+00
1.060269536309973448e+00
1.062154339273639447e+00
1.060318683338205226e+00
1.056954186915124438e+00
1.067661397722953875e+00
1.060965277643312055e+00
1.063263980550070098e+00
1.057907797485856838e+00
1.058852968419061513e+00
1.064730592545975352e+00
1.071053603734278159e+00
1.060853753370170960e+00
1.059085429997715044e+00
1.062850712983789858e+00
1.071232670436813361e+00
1.066603019951328557e+00
1.062733955797330543e+00
1.060873286218945388e+00
1.065074401694522832e+00
1.064368761496360172e+00
1.068312010041274851e+00
1.065587686593270078e+00
1.067397790932827606e+00
1.068826109482201359e+00
1.065004113175163303e+00
1.061506105759878249e+00
1.065775527342220697e+00
1.071470938552951946e+00
1.064353789365634073e+00
1.066378937474968147e+00
1.068603276318722317e+00
1.071633731227682906e+00
1.063889758624902759e+00
1.068093150524214163e+00
1.064550617690862122e+00
1.063836256415779946e+00
1.067667177626921093e+00
1.067337055377663546e+00
1.069432254126275739e+00
1.077143758508834592e+00
1.072902390147827845e+00
1.068190550149233031e+00
1.070054827736992120e+00
1.073664706054230145e+00
1.065743217185113334e+00
1.070977870867591664e+00
1.071919120324252184e+00
1.070653674048360093e+00
1.067404346826051897e+00
1.071062077721752992e+00
1.072984322828048898e+00
1.065438641137522069e+00
1.072929594866721015e+00
1.069994485919832927e+00
1.074370624252478867e+00
1.071668378829286228e+00
1.075924705544971216e+00
1.077053749407476557e+00
1.073845775964533011e+00
1.076201234884691882e+00
1.072432948853604184e+00
1.074780890130182076e+00
1.070831817543662856e+00
1.067435586602372144e+00
1.072907415655161012e+00
1.069061801527979583e+00
1.070483531153801016e+00
1.075130291889510703e+00
1.067016825601239782e+00
1.068139227000649560e+00
1.078364190823786428e+00
1.075345406832928452e+00
1.070288398367130966e+00
1.069677942689632566e+00
1.067722270843654675e+00
1.070576822053987964e+00
1.067444881586768535e+00
1.067482422122738805e+00
1.067763776196267056e+00
1.071466085273708124e+00
1.069242388985685688e+00
1.070575083326479326e+00
1.070620790484224871e+00
1.065123498004215241e+00
1.068830590164059346e+00
1.070689431676817183e+00
1.065462848205942725e+00
1.064149773226102047e+00
1.070039072848725237e+00
1.066377825549803315e+00
1.060869311321265940e+00
1.070851547463004039e+00
1.069379202723273359e+00
1.069033498951102112e+00
1.063893037458526702e+00
1.065598698829935742e+00
1.067040527919472570e+00
1.066991738099341225e+00
1.062659675157540118e+00
1.066191459081105686e+00
1.068768801710011873e+00
1.071342275394822519e+00
1.070722701184448677e+00
1.065238309934991356e+00
1.066295255556618082e+00
1.059870597259513270e+00
1.060143869951311490e+00
1.063598892032410426e+00
1.062441615675216333e+00
1.068098042713381712e+00
1.073887158157828647e+00
1.064520113005144930e+00
1.063426909023538869e+00
1.069034777446722595e+00
1.065164928275513345e+00
1.066869443936965700e+00
1.062082774725414458e+00
1.062191733583883302e+00
1.064300773970840996e+00
1.063054122905338961e+00
1.063351908339125629e+00
1.060228776330492728e+00
1.057687098024251648e+00
1.067515659137677764e+00
1.056063508307915288e+00
1.065256853379276780e+00
1.061660900910315952e+00
1.064747849544151803e+00
1.067887185780253656e+00
1.059834094467328347e+00
1.062695044414442735e+00
1.059786494254925548e+00
1.054341288131266374e+00
1.065014837690365868e+00
1.059095202227929411e+00
1.063988277364853241e+00
1.061135652670995855e+00
1.061350864240012903e+00
1.058181619476101565e+00
1.057078909794339605e+00
1.059251129012612536e+00
1.060767517326626441e+00
1.053756368062748194e+00
1.063019164940123495e+00
1.050988223637231211e+00
1.062194105578609937e+00
1.061040993505796726e+00
1.052585908245589730e+00
1.053355683636887585e+00
1.056754682055349503e+00
1.050979374730514060e+00
1.053063513802506845e+00
1.055068446756953326e+00
1.055571315380172237e+00
1.057382965097402705e+00
1.051986441009183926e+00
1.057474976734013028e+00
1.051595236214226681e+00
1.062011482915775407e+00
1.058589659497217728e+00
1.053921425332065676e+00
1.053116624255128420e+00
1.055593092805826805e+00
1.056351670240234242e+00
1.060428834925871255e+00
1.058506730047862998e+00
1.057526364281542675e+00
1.054813862798947177e+00
1.054120977869113629e+00
1.058680084457143122e+00
1.059290150495762584e+00
1.063716702368084910e+00
1.048114514416149223e+00
1.057562198142245835e+00
1.055606849080077181e+00
1.054948329477234159e+00
1.055252774497105195e+00
1.055947603042828087e+00
1.058675099874034853e+00
1.054194167558754280e+00
1.053840871867706586e+00
1.053589938482951682e+00
1.055695887224015417e+00
1.058498728230524044e+00
1.053175488731406872e+00
1.050079322354113165e+00
1.050654680642380656e+00
1.054707021152516244e+00
1.048543568324558084e+00
1.049827013736510661e+00
1.058360970358446451e+00
1.058479088092813658e+00
1.057634558944488878e+00
1.053108042776112363e+00
1.053727220087909755e+00
1.064956932862379579e+00
1.051279881534811889e+00
1.053052801889369228e+00
1.058977678940620226e+00
1.056280815269375672e+00
1.051419809429956942e+00
1.050467502762687744e+00
1.062511565671380387e+00
1.051606887666723056e+00
1.061228168961859897e+00
1.057069744077939299e+00
1.059994313285257173e+00
1.055719150085387525e+00
1.057431152999213309e+00
1.054378604540947562e+00
1.055614612228204408e+00
1.058908545182498218e+00
1.062845718878047130e+00
1.060577929347181536e+00
1.056666056400043185e+00
1.048608383095385399e+00
1.054084430767270097e+00
1.059499327999931628e+00
1.064068491237863512e+00
1.055863351048514254e+00
1.058527165607910270e+00
1.056019405370876241e+00
1.058232894622354259e+00
1.056037524182505960e+00
1.053376526507721511e+00
1.055598776924657312e+00
1.062574519648046500e+00
1.060248093776373857e+00
1.059341876089364920e+00
1.062420327285569011e+00
1.057372606470079912e+00
1.064842526531787570e+00
1.057727831914957450e+00
1.065801196681743113e+00
1.059849383344662277e+00
1.065045052888713206e+00
1.064918541568809607e+00
1.064132712486947296e+00
1.062417512354489002e+00
1.069589689731300641e+00
1.061592806987081694e+00
1.063813628916423948e+00
1.065164151769405043e+00
1.070572761026075348e+00
1.064822035990253601e+00
1.069004729795661301e+00
1.076633921422289086e+00
1.062947960118688639e+00
1.064884304614690969e+00
1.062168311834734480e+00
1.071430839550290726e+00
1.067762013218868100e+00
1.066096537717694970e+00
1.074104259035864040e+00
1.067268575494169980e+00
1.076810865593428090e+00
1.070174410288723621e+00
1.070646450976355135e+00
1.075011000146942397e+00
1.068605524472746593e+00
1.070087805528574298e+00
1.075550089150866251e+00
1.071732331879537981e+00
1.072327377437158447e+00
1.071267842892744016e+00
1.071623300287143143e+00
1.074763852611719361e+00
1.070551172817959751e+00
1.069711691242780427e+00
1.074017220754347690e+00
1.077856231698514522e+00
1.074967678949605876e+00
1.077677949853283801e+00
1.081173162631957840e+00
1.073329595630635014e+00
1.076690763349968494e+00
1.077706388678455252e+00
1.075046206969748619e+00
1.081644065485642292e+00
1.079388849306878395e+00
1.082489737348205194e+00
1.082083116832064817e+00
1.082141763480617636e+00
1.082177572030144086e+00
1.076159846086407246e+00
1.084706473056611387e+00
1.078992994864444555e+00
1.079783702194973438e+00
1.084524483034522424e+00
1.081299254882830407e+00
1.084103858054315417e+00
1.088541369246683210e+00
1.082485941280260988e+00
1.080699095353270689e+00
1.084803101312539875e+00
1.089369221609416849e+00
1.090572712252087628e+00
1.087800439544542197e+00
1.083305295120871703e+00
1.079784278499366534e+00
1.092531159045280864e+00
1.085985925601204105e+00
1.091776142208320755e+00
1.088628762690023954e+00
1.090682648756972961e+00
1.092713776313267937e+00
1.090784704605840094e+00
1.090827210297471428e+00
1.085106571309345957e+00
1.087211211652216125e+00
1.086985573704409180e+00
1.092963738347654257e+00
1.091268061589873106e+00
1.095604562412265004e+00
1.089875423909712593e+00
1.093259048684792845e+00
1.090836515670721596e+00
1.093944233160487833e+00
1.087865197295180941e+00
1.093047658936449507e+00
1.095442584999586355e+00
1.094450203351339024e+00
1.095515456815929323e+00
1.087965202370731355e+00
1.093000257613102599e+00
1.097634106027879586e+00
1.092827541256704782e+00
1.090022634302626470e+00
1.093427494316522308e+00
1.101800910217978657e+00
1.093613202230115489e+00
1.096038671529011355e+00
1.095433534693179611e+00
1.092668771197682798e+00
1.101807970047433693e+00
1.094145520277669981e+00
1.099213880714331459e+00
1.092722527368418461e+00
1.097992477793183319e+00
1.100306900982080505e+00
1.099891287822172714e+00
1.102052113005089096e+00
1.094479761757007896e+00
1.099862160499832653e+00
1.098550720955297155e+00
1.099309709706150828e+00
1.098331574699891622e+00
1.092756785512752238e+00
1.095103768039214831e+00
1.101697269800393286e+00
1.094326545405153173e+00
1.100297204958923913e+00
1.100360451837732789e+00
1.100427755250914519e+00
1.096277316926168588e+00
1.100326555909997728e+00
1.097460015444410963e+00
1.101487506562850438e+00
1.098575931052881982e+00
1.101460236066553966e+00
1.105461049187363320e+00
1.104875924547541022e+00
1.097560542378667847e+00
1.105025544223284140e+00
1.097242799308451033e+00
1.108462418835229224e+00
1.096145539624639564e+00
1.097543878243335769e+00
1.102808550109090735e+00
1.094752373347344765e+00
1.094356045463807492e+00
1.096780222685853623e+00
1.107871652953171804e+00
1.108633146058303653e+00
1.097496168727484678e+00
1.101455784963681683e+00
1.105268816383437436e+00
1.098867209258748145e+00
1.099540322728544517e+00
1.100175262515636909e+00
1.099096172499482771e+00
1.100254308571243289e+00
1.093813504894794342e+00
1.098272969869367621e+00
1.097365103683137777e+00
1.098098126499885474e+00
1.096435978974613423e+00
1.097390270799140310e+00
1.098448427617910284e+00
1.097738456121194695e+00
1.100963331063804507e+00
1.094750449444881646e+00
1.089988251726835333e+00
1.103831991552195468e+00
1.093624823822924919e+00
1.100065423006544751e+00
1.093991011456506124e+00
