9.563388781666013472e-01
9.168572712830953542e-01
8.868420583494477372e-01
9.793723409953518644e-01
9.200253368709045976e-01
9.798380156099222305e-01
9.057709572630254780e-01
9.514340861853599618e-01
8.819330857501338494e-01
9.405389616855558410e-01
9.810554648705209768e-01
9.948685528503367070e-01
8.719102099266600181e-01
9.662668250670957137e-01
9.118341608398230491e-01
9.403090529884886584e-01
9.164434583786676969e-01
9.875847394626765530e-01
9.873957736653534711e-01
9.019487892682792607e-01
9.527118195957515745e-01
9.271268266911628642e-01
9.296778315910128043e-01
9.624574874671854019e-01
9.394322282062056439e-01
9.636399440615488476e-01
9.522903362557807450e-01
9.191197014927251496e-01
9.279059716372071165e-01
9.342370714699076428e-01
9.269409558001390215e-01
9.229756391344221544e-01
9.460560111348856882e-01
9.113101824444868049e-01
9.166229065023462352e-01
9.568464959686630023e-01
9.592660392317891027e-01
9.443094071107365206e-01
9.804917330104284678e-01
9.567971955866508837e-01
9.565865076526920419e-01
9.392850102080879671e-01
9.566082609139245907e-01
9.063692783589321067e-01
9.322292104839614568e-01
9.692492172172512133e-01
9.214125554993660705e-01
9.241111049872678951e-01
9.765402212812208660e-01
9.272708237946361010e-01
9.768365640600759070e-01
9.281405895849913490e-01
9.135634955150107039e-01
9.252767306384980239e-01
9.484538971270110030e-01
9.281583062330619471e-01
9.426998806326400970e-01
9.069901371334138096e-01
9.423445351597766750e-01
9.113618257105565723e-01
9.515278451792932302e-01
9.381954792700074597e-01
9.591887458759392748e-01
9.398207649530375685e-01
9.500942924874214990e-01
9.352132413837188629e-01
9.430369803071537715e-01
9.502377898278266954e-01
9.419220868334585717e-01
9.620507440035623858e-01
9.355229861920607570e-01
9.349300652872514217e-01
9.526735826778983673e-01
9.396938747819131299e-01
9.439523508242033678e-01
9.226636219349702017e-01
9.366396515602662953e-01
9.207976452374336818e-01
9.206986278989088834e-01
9.195627462235441696e-01
9.501088514144067076e-01
9.639689344410568017e-01
9.438118204307194281e-01
9.482792810311447829e-01
9.340514551014346134e-01
9.321012297810123970e-01
9.413824115289609606e-01
9.602065644740146455e-01
9.469831689736839531e-01
9.518062521915066077e-01
9.526184486384667860e-01
9.328297056916463603e-01
9.264408414886479148e-01
9.605378848227326127e-01
9.436046304631912074e-01
9.382006326665904838e-01
9.706026739374822299e-01
9.626420143461510426e-01
9.394510201142568517e-01
9.355135660339209958e-01
9.432156831009124165e-01
9.409571290145815059e-01
9.175442553674250101e-01
9.332249000321753973e-01
9.685128680084927888e-01
9.471257233489193128e-01
9.281465722814487007e-01
9.257557845546660058e-01
9.171864782629293167e-01
9.383291458629731130e-01
9.423632209894413636e-01
9.355125343233809954e-01
9.548346072631053172e-01
9.306004630565954949e-01
9.372623002186500907e-01
9.211534432164515396e-01
9.298395740295215539e-01
9.467539165654120792e-01
9.325541523911812236e-01
9.554576832930693486e-01
9.260240348882642358e-01
9.458418738936518189e-01
9.422573346627146629e-01
9.346136382183017899e-01
9.423394946445874387e-01
9.291407535833557940e-01
9.247627220767363765e-01
9.383891069286148801e-01
9.435234348876783139e-01
9.395125800082499978e-01
9.287026403159412968e-01
9.386052259001135267e-01
9.337700973838490848e-01
9.414433185723681818e-01
9.289967686049083184e-01
9.443691645025945602e-01
9.336456435224165240e-01
9.364329987169935920e-01
9.382114051135599375e-01
9.385168975866590158e-01
9.492844172506942346e-01
9.237104961896003275e-01
9.474739275576755659e-01
9.237310762543508025e-01
9.443033541620714511e-01
9.459797569612230506e-01
9.400595229918493612e-01
9.413085551927841133e-01
9.352027349701657055e-01
9.437206128020175777e-01
9.249001551552803457e-01
9.404787258781693859e-01
9.273777400237482871e-01
9.267502823734860007e-01
9.481348431246824360e-01
9.312038267651169265e-01
9.399270919595377194e-01
9.367250651687115681e-01
9.375074811589731993e-01
9.248495570515916642e-01
9.201793938775630899e-01
9.302600716780867751e-01
9.357233542317794361e-01
9.458606196997432214e-01
9.459658149285672391e-01
9.381617744410812865e-01
9.376128950767139703e-01
9.331739209464950946e-01
9.617257641834259241e-01
9.344237335489420371e-01
9.326173396626026291e-01
9.414095391270206337e-01
9.323753950336013396e-01
9.387438303637507531e-01
9.200869734951029333e-01
9.409932533429212764e-01
9.201499663965971854e-01
9.514483465977953136e-01
9.211752269225516043e-01
9.414419788264138944e-01
9.434258990515320686e-01
9.447662285123014092e-01
9.360933305468663868e-01
9.379835777854338419e-01
9.432380683983315750e-01
9.456605933904523864e-01
9.276410687544236477e-01
9.396064970101483116e-01
9.482128930925609600e-01
9.366777309254127326e-01
9.359516425770327830e-01
9.312321856775273021e-01
9.375843545779420918e-01
9.326317175545774107e-01
9.289069770240010460e-01
9.514836115235492109e-01
9.197905809518838183e-01
9.385177095347014831e-01
9.302242427047476836e-01
9.330218300533674736e-01
9.268934858992305958e-01
9.435331459384216357e-01
9.437416381370352658e-01
9.347451027270152757e-01
9.478334914674244605e-01
9.473606791011601747e-01
9.321317968137439181e-01
9.247883531551681635e-01
9.319868497393632989e-01
9.287925469734201744e-01
9.461378326734819488e-01
9.356842556883049333e-01
9.409128575830396635e-01
9.308913814774865125e-01
9.428123450845672382e-01
9.415008632072409123e-01
9.302444335452658697e-01
9.290448232596644207e-01
9.227011790365203803e-01
9.358934512512145920e-01
9.410423408497529119e-01
9.420609972833891010e-01
9.586177608064363476e-01
9.344868930032649290e-01
9.402210239304238382e-01
9.283760031094739906e-01
9.489191609993457011e-01
9.235798349894119852e-01
9.338381420942056810e-01
9.413206533565704470e-01
9.350981647100695682e-01
9.317512474987922344e-01
9.417869485609010605e-01
9.273587085780581329e-01
9.381405626641244888e-01
9.315152628466885076e-01
9.348906156429174219e-01
9.444279185601213156e-01
9.339798989468931500e-01
9.407048867022960170e-01
9.456655434257639214e-01
9.350686511918209209e-01
9.403608403600866028e-01
9.435471722779915638e-01
9.337705285818986845e-01
9.291305319545289931e-01
9.200466357964487418e-01
9.401845149198453377e-01
9.432881023278545385e-01
9.317527903884605944e-01
9.285767685858026255e-01
9.265598652383211231e-01
9.274350646669237141e-01
9.387946013246537547e-01
9.377109306296417257e-01
9.380792386147426276e-01
9.388105605100512951e-01
9.403819201021454965e-01
9.283847793318762420e-01
9.284629292542881940e-01
9.478154059399429565e-01
9.264598581223053575e-01
9.316083082997305143e-01
9.267717230148290186e-01
9.336320563404096884e-01
9.241880700291683626e-01
9.392981575550995998e-01
9.344749394410878374e-01
9.373663405698322570e-01
9.349308899138466522e-01
9.396003369576343411e-01
9.397131866291728031e-01
9.391582627514596382e-01
9.372880667657154108e-01
9.283512211839569650e-01
9.304508046962562950e-01
9.339807826477782848e-01
9.265223131111585131e-01
9.440925079531257147e-01
9.287610440987059679e-01
9.425396884012271492e-01
9.446429001952636462e-01
9.332615983875583998e-01
9.388182210875896105e-01
9.322975082353038845e-01
9.368624999405191778e-01
9.309269051535296047e-01
9.153004221711348309e-01
9.451779709984210465e-01
9.420630145870648731e-01
9.304098628481103361e-01
9.463480008913874864e-01
9.278836831113230765e-01
9.393951827533321142e-01
9.335226866292977155e-01
9.358954228048875779e-01
9.181602845028916660e-01
9.467809311084480761e-01
9.347100836664893331e-01
9.328044097599645923e-01
9.358964496983128711e-01
9.291161441009808675e-01
9.335095468293984622e-01
9.313223204589355930e-01
9.246618296294478734e-01
9.286042884116220142e-01
9.213643064039734876e-01
9.397731441327468183e-01
9.346912114193419718e-01
9.276663827183991851e-01
9.388421789196390588e-01
9.278756967648680298e-01
9.409604258792543252e-01
9.253768691840488225e-01
9.305824440897472183e-01
9.418032223255472513e-01
9.266408698338419736e-01
9.257657323246775150e-01
9.303556430481184636e-01
9.382964307170563734e-01
9.233155100970401596e-01
9.245889861984525337e-01
9.295116030510373051e-01
9.325272192355013035e-01
9.353939370759483118e-01
9.343590718237297921e-01
9.463728031669742524e-01
9.397264979261973350e-01
9.426098596226627491e-01
9.399774578981702211e-01
9.373188043581500706e-01
9.359608245013963934e-01
9.323911995407434539e-01
9.327813156042643605e-01
9.398387571599838841e-01
9.326178856830702468e-01
9.289756154497719187e-01
9.394530230642692548e-01
9.458144905648852019e-01
9.326428277657076160e-01
9.225363420163146255e-01
9.419861412917018839e-01
9.395503289771051092e-01
9.401169266690090343e-01
9.295952518688477273e-01
9.333781775404619285e-01
9.480344194701740834e-01
9.135087126946678238e-01
9.305127993892345906e-01
9.337169746675448856e-01
9.319857578585847291e-01
9.239196302764104418e-01
9.283599671363280681e-01
9.400781466535044206e-01
9.389633507405472646e-01
9.238302408967179469e-01
9.263611274587849609e-01
9.311068260125123786e-01
9.373829581218622309e-01
9.365523334364028729e-01
9.404861686502433704e-01
9.275305258750632387e-01
9.334826695440294753e-01
9.231324483470896292e-01
9.403483058205446277e-01
9.345559612085266865e-01
9.303180652515474769e-01
9.354625887851137911e-01
9.354509621186350987e-01
9.432991046800598411e-01
9.440224738263706117e-01
9.473649497654770268e-01
9.369398754322696421e-01
9.332068255519526678e-01
9.385460835483325770e-01
9.236823900896629080e-01
9.407090608852002322e-01
9.428122696101717271e-01
9.362620308746878450e-01
9.339285795943141899e-01
9.422169839453542473e-01
9.492084997122797185e-01
9.293946969115882695e-01
9.253236966653997086e-01
9.309977948438248330e-01
9.631056081301727634e-01
9.526567544016409927e-01
9.445586930510135870e-01
9.429869739218658120e-01
9.357662449718738840e-01
9.493940380139951341e-01
9.460980365063140773e-01
9.445522554041818619e-01
9.389082507400956512e-01
9.370985253424132244e-01
9.460010713179656250e-01
9.320696563990732431e-01
9.496643916891363002e-01
9.538482851746384883e-01
9.481917160380570753e-01
9.520274573617584224e-01
9.483027625305997521e-01
9.492337626448404952e-01
9.592525888386695954e-01
9.474473102874659824e-01
9.526555161363782220e-01
9.419644704665286472e-01
9.482936106246693253e-01
9.511725953650378429e-01
9.397940933418706955e-01
9.410643773602447304e-01
9.446577842211278941e-01
9.510603299314381864e-01
9.596117605935936545e-01
9.530689681147527237e-01
9.438491823295392935e-01
9.485023487133328324e-01
9.546315410463513951e-01
9.548447392348918816e-01
9.539205711022382683e-01
9.504709404382019056e-01
9.433160960113521343e-01
9.554953883009110749e-01
9.531485964736513550e-01
9.484745996607626406e-01
9.517057859992638091e-01
9.531022852780177690e-01
9.558253879243006068e-01
9.526351964535095806e-01
9.581663993460588502e-01
9.530773264721142946e-01
9.526936180469882665e-01
9.575116173798458030e-01
9.655356657101167306e-01
9.545917270096826446e-01
9.418073452134619883e-01
9.500307052742724689e-01
9.533128883229698980e-01
9.533847695125532429e-01
9.467599229009915351e-01
9.524083854205440680e-01
9.575488620132496242e-01
9.675530105460875552e-01
9.683453451782286781e-01
9.656628735538290709e-01
9.536183312872342777e-01
9.536634303240495436e-01
9.534152142066318891e-01
9.641279361892871602e-01
9.623385020863212125e-01
9.595587648110552870e-01
9.539115229467737267e-01
9.612978866695839342e-01
9.590096798684469848e-01
9.483944827351550311e-01
9.604226687581942645e-01
9.693995299646305241e-01
9.702852814837401585e-01
9.548359104606605197e-01
9.653407263992100917e-01
9.704340268785685009e-01
9.722588113580135083e-01
9.639515470079190740e-01
9.553416418638425167e-01
9.618026367237449969e-01
9.656419187267230031e-01
9.505709334763006169e-01
9.588540204230252550e-01
9.528780521560551442e-01
9.615204811177913147e-01
9.644347847249807870e-01
9.577065901386202507e-01
9.623121187621452854e-01
9.603502157855448029e-01
9.691926030977994211e-01
9.589597455545560978e-01
9.611297338749611452e-01
9.630610562371761940e-01
9.540655502295344315e-01
9.595875673951921314e-01
9.646996498551335675e-01
9.563986551732200914e-01
9.564382093550120034e-01
9.601959048255193085e-01
9.571459496381996557e-01
9.592907001998053351e-01
9.608283533197927717e-01
9.611550942094907457e-01
9.570354626112008711e-01
9.603112300621776676e-01
9.456837277631777727e-01
9.546912641498530583e-01
9.604401492595453504e-01
9.518696085875680835e-01
9.589499011773541248e-01
9.541211149085716547e-01
9.594316704680122543e-01
9.585808511436292312e-01
9.476353273556844536e-01
9.709566114250038904e-01
9.604838587405872818e-01
9.664361467753556090e-01
9.658343640784412543e-01
9.649520533076964002e-01
9.563866760370333120e-01
9.568119487394728395e-01
9.635165869042987552e-01
9.588396152653611004e-01
9.563210004915045914e-01
9.589125090765212578e-01
9.499235161606938149e-01
9.583590941048472089e-01
9.532042603687744808e-01
9.497526463723109380e-01
9.606043592942060672e-01
9.596059944518152696e-01
9.543371863432269508e-01
9.561644872584496024e-01
9.420698508751794709e-01
9.651422164718960195e-01
9.561486087590015392e-01
9.618968493383265317e-01
9.546322080921787467e-01
9.638131330069075187e-01
9.616475886126792938e-01
9.638135147563928751e-01
9.578380567996400696e-01
9.529747446802079303e-01
9.510525656298611796e-01
9.495014813312160351e-01
9.589341320369794142e-01
9.393399732116765044e-01
9.550365869209446190e-01
9.567797031628658688e-01
9.582416781045159926e-01
9.437455431722001631e-01
9.442943191130908076e-01
9.603670075089580926e-01
9.611906922258746100e-01
9.564292759948650469e-01
9.585851529507912749e-01
9.559332295987559291e-01
9.589741475393188663e-01
9.502773412542492304e-01
9.471458986595785445e-01
9.533049278905240120e-01
9.468243844012484978e-01
9.455283388266291222e-01
9.559530190149970741e-01
9.447433757509628993e-01
9.480580338972601773e-01
9.449592362118275357e-01
9.556363579397245678e-01
9.506953158049105124e-01
9.500472293398486423e-01
9.459293262322754359e-01
9.541538640058137011e-01
9.594444346106032473e-01
9.380349835592167729e-01
9.508728549376642691e-01
9.469559703131681383e-01
9.500906131681818856e-01
9.534417467785860634e-01
9.566793381290780163e-01
9.544412443648364608e-01
9.572902927375760429e-01
9.529607049389363649e-01
9.490232257980484309e-01
9.510134950959853173e-01
9.598244331711378585e-01
9.536483026978158639e-01
9.517810187770218144e-01
9.472610418001754518e-01
9.498368459777386530e-01
9.465553158651648369e-01
9.562973013693828461e-01
9.516495355120468957e-01
9.509697028516748141e-01
9.506950426959626110e-01
9.517269778131494107e-01
9.420591254604958609e-01
9.524574971887609376e-01
9.421215121844574991e-01
9.533358578206284628e-01
9.529837633037567812e-01
9.510578866512970908e-01
9.403238165170147989e-01
9.397565520901238756e-01
9.417739452679033674e-01
9.467213571858297261e-01
9.462792789300519258e-01
9.591231279860101822e-01
9.510813996168105966e-01
9.470044335544819392e-01
9.512891646227507048e-01
9.360921854127023378e-01
9.549707129392349669e-01
9.471972936676958943e-01
9.501203018839362580e-01
9.430024102968299626e-01
9.497044773049903021e-01
9.516949481025863689e-01
9.501184818351166017e-01
9.519403444954358529e-01
9.457615113312575206e-01
9.525459015548172204e-01
9.402348430684360769e-01
9.501591431185233416e-01
9.400125309126722284e-01
9.505910576882495855e-01
9.458703825755425676e-01
9.524552546433605604e-01
9.509806533746725243e-01
9.443538983525612274e-01
9.489635858219224174e-01
9.435736499474396410e-01
9.482260790158787422e-01
9.442171547182749425e-01
9.532735081745412620e-01
9.634271734707076096e-01
9.468312919671471040e-01
9.475843410232029917e-01
9.403347896640782411e-01
9.534536794592295417e-01
9.439375807029158905e-01
9.534257510763314292e-01
9.466286318133271260e-01
9.477220155434055160e-01
9.540069605691531285e-01
9.554325402211782947e-01
9.549694750268605814e-01
9.501643224030649204e-01
9.447936319709996367e-01
9.584420115755051262e-01
9.434149148805146545e-01
9.515489609170952878e-01
9.539706632229686400e-01
9.591655232178933899e-01
9.489054739474943601e-01
9.526105545312486544e-01
9.496095585866828337e-01
9.486327717950203686e-01
9.546218655674156839e-01
9.502066742235977248e-01
9.542825708166947640e-01
9.575997369165730744e-01
9.487652304198994635e-01
9.557429023850075867e-01
9.551637487141492189e-01
9.547870830010088961e-01
9.670784583096858622e-01
9.519531503315863397e-01
9.576468058887299684e-01
9.478343161939027928e-01
9.547773648845750971e-01
9.608636682967719445e-01
9.661257407296640620e-01
9.573836176209540305e-01
9.573136378869400165e-01
9.575556519742981498e-01
9.553982454090031995e-01
9.611036786351048189e-01
9.555917179201636191e-01
9.550209462413609129e-01
9.584996798965276232e-01
9.573171560881255093e-01
9.613277008411524882e-01
9.591810479831232028e-01
9.524521434034645129e-01
9.688970056151965382e-01
9.640260705606835678e-01
9.566103990093609566e-01
9.635309080426837092e-01
9.695237043679879596e-01
9.528653067516351660e-01
9.631779034381174887e-01
9.622092761880637335e-01
9.653388408018978017e-01
9.678410908632429921e-01
9.581238429415989133e-01
9.628393005345762257e-01
9.555101443837800135e-01
9.680076914215239858e-01
9.797960667671516966e-01
9.712310055084056870e-01
9.654780362528879722e-01
9.596211419250998409e-01
9.681844475511112158e-01
9.633100273955632620e-01
9.626365645194988607e-01
9.664584882374112063e-01
9.605162793094227380e-01
9.667914336663471220e-01
9.705899982507422141e-01
9.582430511930791761e-01
9.729660737902079415e-01
9.658832703549461440e-01
9.613246355159948964e-01
9.733457864804100357e-01
9.677705725231269263e-01
9.692519208002057240e-01
9.651353064403316306e-01
9.690129854867503001e-01
9.633390052354334765e-01
9.738511552729673948e-01
9.736914580392196372e-01
9.699923989141635561e-01
9.646533269172499203e-01
9.728188572146996282e-01
9.798016428995043325e-01
9.732444062353200476e-01
9.669562937346117826e-01
9.693009041470734832e-01
9.768126604958415893e-01
9.666734669954214487e-01
9.693697849702106462e-01
9.763163602717926937e-01
9.689863121883826036e-01
9.666095291022187563e-01
9.667994589047397280e-01
9.769607133734546922e-01
9.717093291330886062e-01
9.635672780562136719e-01
9.637444713549837561e-01
9.782373583987057364e-01
9.771166710342370498e-01
9.708266545932322522e-01
9.774307014504870494e-01
9.773699241538124083e-01
9.695547878555980104e-01
9.694196377111917728e-01
9.661096720430196738e-01
9.757584426176052483e-01
9.777837039145333975e-01
9.737716318386139269e-01
9.737179060370300121e-01
9.734040919308717399e-01
9.695977303082160548e-01
9.710042181593147026e-01
9.757916817791454367e-01
9.743179481824199017e-01
9.696511104068733511e-01
9.742926135973363211e-01
9.706903779416609090e-01
9.764997375318364981e-01
9.765272761138910074e-01
9.720813127738240356e-01
9.722249510567476660e-01
9.717953686620383058e-01
9.683062307159124860e-01
9.715862898715053042e-01
9.723481127245521272e-01
9.743765601929297304e-01
9.716273759351301553e-01
9.731079753402299692e-01
9.692226984464992201e-01
9.715515377772562244e-01
9.710275061736280966e-01
9.679434300622800080e-01
9.700717995330506715e-01
9.699558205701861446e-01
9.750808061647585623e-01
9.757503505068683136e-01
9.763892901716628714e-01
9.795787993323338272e-01
9.711554177331234161e-01
9.654321960534976155e-01
9.653741618393657520e-01
9.648633321724846557e-01
9.672793402874926283e-01
9.673734843039776266e-01
9.729756433020201323e-01
9.803988421113400964e-01
9.727530234813206444e-01
9.751795584836620012e-01
9.664878191175674260e-01
9.626324658430402970e-01
9.803330725650347688e-01
9.706299078270856917e-01
9.730823163222072081e-01
9.638905639517243440e-01
9.682109514868492139e-01
9.692484327973879266e-01
9.718030576927481068e-01
9.608028791301149729e-01
9.677632311815632660e-01
9.735430481695872551e-01
9.697102454794023219e-01
9.643763564080188866e-01
9.560980160752868828e-01
9.738261218083991144e-01
9.614409634580632913e-01
9.632975029983693593e-01
9.676940735925402270e-01
9.606190216551235839e-01
9.701124573123229844e-01
9.671883729494703541e-01
9.616354384734719929e-01
9.734762548927727854e-01
9.558565008261294960e-01
9.588109549253307495e-01
9.667448656695499798e-01
9.700140670011296873e-01
9.667863043817970237e-01
9.647541081063850665e-01
9.561680731024095881e-01
9.653755260040509656e-01
9.579767854073671929e-01
9.597132229567744144e-01
9.711347718024557762e-01
9.694419469686215152e-01
9.597983221788789487e-01
9.634866579608268866e-01
9.547655397264745991e-01
9.627416863284562476e-01
9.624926890426053205e-01
9.572273658430969778e-01
9.633461073254288021e-01
9.659223063553578070e-01
9.623605206222343167e-01
9.730732381545929011e-01
9.613188202318874165e-01
9.588850844337821755e-01
9.564289409332814573e-01
9.677262679210335561e-01
9.625333492039086503e-01
9.589989577041919677e-01
9.656835798808668381e-01
9.609290511181616257e-01
9.644478643835878717e-01
9.638557561448817257e-01
9.497192424006786204e-01
9.556496611886224901e-01
9.625320528338886517e-01
9.588395386083853333e-01
9.533074352841162113e-01
9.649633095636771518e-01
9.516111636872103263e-01
9.560223910281100412e-01
9.587264032573157291e-01
9.547606701427333586e-01
9.566034789515804881e-01
9.611171774275644175e-01
9.603559371427029534e-01
9.589961197454116570e-01
9.525789854092009401e-01
9.637141108290089297e-01
9.513454722829683963e-01
9.592091398902738986e-01
9.498447229273507819e-01
9.543167423622493928e-01
9.478667395504459803e-01
9.544069199932856407e-01
9.525620287478288040e-01
9.553831625076778522e-01
9.497853188252917134e-01
9.545636448778547223e-01
9.581522197250761375e-01
9.584203365959543808e-01
9.408414513165176407e-01
9.495290607111005476e-01
9.458115114221153918e-01
9.534675150304792179e-01
9.467210924563392860e-01
9.477071894204910363e-01
9.555199502241387144e-01
9.544671189484981166e-01
9.432684330583900323e-01
9.536874153093332085e-01
9.482459666212293969e-01
9.506566614079603461e-01
9.567674110697397261e-01
9.556851013312713805e-01
9.505914031087319138e-01
9.462024719854392751e-01
9.515491628822200232e-01
9.474977808646027899e-01
9.522061828755639112e-01
9.579723295509030567e-01
9.500181257785664801e-01
9.444302617408477651e-01
9.364168948308311258e-01
9.473645469006998221e-01
9.529093565109897357e-01
9.470385927171558471e-01
9.524043185898990460e-01
9.474537118460159002e-01
9.446606915255600923e-01
9.505057396451951357e-01
9.388823762300163578e-01
9.564728556052392028e-01
9.417577119682861708e-01
9.425568948015022874e-01
9.527187466448585607e-01
9.486068348385050530e-01
9.397733338710769768e-01
9.404240666222337675e-01
9.468708281192281806e-01
9.397885441219432368e-01
9.463388806982783175e-01
9.446123458765989245e-01
9.416551537961931340e-01
9.491533724565025532e-01
9.377952146326505867e-01
9.468460354412712165e-01
9.441575437508642477e-01
9.418271355652254595e-01
9.462284371339643174e-01
9.378019245983425511e-01
9.452554026273530807e-01
9.444055175642123157e-01
9.467968420944093966e-01
9.501142906759082463e-01
9.445018740479628194e-01
9.438413342100818726e-01
9.455791761332263956e-01
9.426431846585325847e-01
9.458618826569288318e-01
9.448670926183457830e-01
9.459546317361560153e-01
9.476584438360700080e-01
9.497419838257462610e-01
9.386306229396264023e-01
9.367590048233338518e-01
9.359487752629217505e-01
9.437986597044095705e-01
9.473115740828821352e-01
9.429401518647978486e-01
9.361289063222818507e-01
9.453270593758630325e-01
9.423744495229522400e-01
9.369178823974451120e-01
9.391554669984418791e-01
9.357425593046864165e-01
9.441862895653225785e-01
9.403632176374288054e-01
9.396026663644506671e-01
9.317862023518661552e-01
9.349726476662713059e-01
9.468960770464303067e-01
9.423149653753161159e-01
9.451714205132701885e-01
9.368533258699823785e-01
9.409006923973959324e-01
9.406173229093676147e-01
9.467358923059843168e-01
9.440184464456525815e-01
9.390764172488454964e-01
9.393798401850074198e-01
9.429483254807157211e-01
9.443215061408052335e-01
9.401485194163002879e-01
9.351182391912659098e-01
9.420484703422924433e-01
9.467242389977645889e-01
9.347724424887435823e-01
9.506027631404958544e-01
9.329864777582314028e-01
9.440869024151939959e-01
9.419653071826387114e-01
9.419373335460387020e-01
9.508502961536791087e-01
9.424253074554092002e-01
9.485529348012387008e-01
9.544643522984869177e-01
9.367289308016149008e-01
9.444819321388377986e-01
9.386044646170089711e-01
9.429058362312545682e-01
9.454623137726919646e-01
9.494644051089311532e-01
9.510404946676134230e-01
9.492688373394082557e-01
9.421680476657992021e-01
9.507181580389207909e-01
9.488114891381526084e-01
9.453802214853752606e-01
9.416479875626587726e-01
9.453611771924543827e-01
9.490377734812921462e-01
9.488870821151103030e-01
9.515652025611137654e-01
9.539080107462969416e-01
9.494384349228973674e-01
9.633835553357422699e-01
9.500889808544324966e-01
9.539247328298613438e-01
9.555853565543498407e-01
9.531425731435240190e-01
9.523790401442672193e-01
9.482422324452707274e-01
9.541720885306463895e-01
9.519087086661579544e-01
9.492765322201310862e-01
9.586863851389461066e-01
9.631977786080652137e-01
9.484639000795931363e-01
9.500676195384157863e-01
9.480438132949793317e-01
9.504688070284508239e-01
9.527325374923321100e-01
9.605979128713326709e-01
9.656712699992872073e-01
9.620808803347868920e-01
9.572970024607673212e-01
9.553024338700139007e-01
9.612622454835806352e-01
9.579607746342336805e-01
9.669967335951947796e-01
9.572000546778243191e-01
9.581002296108688254e-01
9.652884815818413289e-01
9.579180887414078249e-01
9.683384165680449795e-01
9.681578273138107260e-01
9.619269745971196217e-01
9.720205703126335584e-01
9.664412010722294166e-01
9.632948667230987194e-01
9.672745988602063916e-01
9.573888989959686846e-01
9.688083077019761236e-01
9.679016445150250281e-01
9.676763441670624966e-01
9.668270560043040751e-01
9.654771740718295359e-01
9.741680689810838789e-01
9.691479226184430695e-01
9.698652197737510638e-01
9.705370181611717717e-01
9.732291923106378695e-01
9.624035323192361435e-01
9.697018328450749403e-01
9.740301985934665119e-01
9.735018166247919602e-01
9.725067417832938821e-01
9.579754075254210965e-01
9.704858008124513935e-01
9.695519998141997053e-01
9.745665831477375862e-01
9.721918322226483777e-01
9.694810520216650129e-01
9.809385077894662297e-01
9.757544301579774704e-01
9.827077988761315774e-01
9.752371063516042105e-01
9.647349465678745073e-01
9.752097156168055836e-01
9.714105053584254357e-01
9.774750848739948150e-01
9.701726864301051245e-01
9.735966176222351498e-01
9.748499327358977062e-01
9.807221445899245715e-01
9.767146516883867813e-01
9.848493401743850795e-01
9.746621219687842119e-01
9.691351385852388090e-01
9.741669571728320820e-01
9.723065415458683747e-01
9.694975620389958415e-01
9.677899242188761075e-01
9.755233823263406157e-01
9.755640698353147400e-01
9.705202117839493159e-01
9.687384402489611634e-01
9.812248492403109479e-01
9.794266923830636795e-01
9.715172048076036182e-01
9.848712639138536007e-01
9.774950868220266820e-01
9.650095769293536296e-01
9.687397181949257696e-01
9.729245845355182221e-01
9.769136457095279891e-01
9.709115136947400471e-01
9.673274416061921066e-01
9.739991768420493967e-01
9.716892899073297230e-01
9.736768475529052891e-01
9.735455975118784133e-01
9.741334799203534844e-01
9.738295934063962989e-01
9.847449530862231182e-01
9.744105792854579340e-01
9.640914845128130128e-01
9.763381631630085877e-01
9.706098469376094329e-01
9.846233457646829113e-01
9.844611249959208665e-01
9.749117933231064015e-01
9.752069900233053534e-01
9.682531087132785208e-01
9.729267344233498704e-01
9.723290971463098842e-01
9.720761560351173225e-01
9.723812693590001555e-01
9.664228805386824162e-01
9.736886081990626662e-01
9.707598675286450707e-01
9.734597381244006753e-01
9.668499361935409819e-01
9.686528177257477390e-01
9.748528110093320764e-01
9.750104591803762100e-01
9.690475055158394024e-01
9.613362967228225031e-01
9.678680747179456700e-01
9.815215968653057121e-01
9.705742951328727441e-01
9.772790923374944372e-01
9.642273758906221293e-01
9.740639172088668696e-01
9.726167731046644338e-01
9.618725249545959644e-01
9.600724075604493146e-01
9.719318058929179438e-01
9.653064589607156520e-01
9.653650818715193704e-01
9.671804223527326050e-01
9.673276018741134852e-01
9.650524719339182989e-01
9.627201110258921668e-01
9.646223686367876304e-01
9.623370103334150105e-01
9.714913786276232477e-01
9.615036992864032239e-01
9.567386510430985203e-01
9.689895882518647641e-01
9.698429947495857961e-01
9.605155747531023414e-01
9.603954756696856387e-01
9.633292766276640995e-01
9.547752181929837212e-01
9.648191542377743124e-01
9.657710771544785189e-01
9.636255999935244843e-01
9.554440582132929238e-01
9.665170494449799587e-01
9.661492372144639962e-01
9.601324306755326665e-01
9.592103364146769007e-01
9.627505004527616705e-01
9.622294320865220074e-01
9.624518538548906266e-01
9.623378930138277720e-01
9.555938085519992686e-01
9.599743048973354842e-01
9.614606125202994624e-01
9.567273686459693005e-01
9.618000983652340574e-01
9.605644983763874656e-01
9.645298874377485898e-01
9.602800186202081756e-01
9.533712466956710818e-01
9.579202142959648558e-01
9.563614247530417556e-01
9.552764030588247746e-01
9.554549003398082885e-01
9.591906008710783249e-01
9.550887380607055999e-01
9.534146874990784282e-01
9.541987844685464459e-01
9.563489785995039627e-01
9.574534027834067373e-01
9.566687533734757887e-01
9.571991694431697395e-01
9.560148678465458794e-01
9.598055119121050582e-01
9.490673796860572553e-01
9.542485617421522237e-01
9.561533902044394573e-01
9.530498584314175403e-01
9.495835754892926195e-01
9.458063813381013540e-01
9.583404342884334071e-01
9.529445776220426545e-01
9.522138429301679752e-01
9.512507927496245408e-01
9.483807007215645513e-01
9.493142886030067062e-01
9.537374389569035493e-01
9.466335048998801849e-01
9.560860593664981533e-01
9.533652863680565082e-01
9.478706049492946484e-01
9.535145124067596623e-01
9.498489748003861033e-01
9.457767151824635343e-01
9.546839994613443015e-01
9.476202608040993347e-01
9.533365278317862401e-01
9.493259213799963847e-01
9.505093491759055713e-01
9.553370925342633546e-01
9.523097934785478280e-01
9.435902873389728773e-01
9.521019955157348225e-01
9.532941278717347311e-01
9.520430584394676821e-01
9.447328862043444797e-01
9.451156745357831568e-01
9.525579491721222203e-01
9.454191477176044911e-01
9.490183841592662040e-01
9.479743844547144915e-01
9.490058794521371022e-01
9.470822869686964518e-01
9.526943929791152899e-01
9.501276020979759762e-01
9.439550517485991721e-01
9.451242036342357711e-01
9.468176511449591937e-01
9.448226372952743812e-01
9.432425176792829102e-01
9.444869219123426252e-01
9.524811152067124143e-01
9.444483033175385955e-01
9.467811762213159676e-01
9.408835541886148013e-01
9.453449569809603270e-01
9.501429861739930649e-01
9.519054172348732079e-01
9.459498136864515905e-01
9.495690989911881319e-01
9.398122291046523413e-01
9.435651749256334098e-01
9.454511070475809520e-01
9.390837973015808693e-01
9.445876707377348636e-01
9.479390115117395377e-01
9.499572707584800213e-01
9.370474980742552473e-01
9.459123255600596636e-01
9.501299606045460200e-01
9.446546064645010565e-01
9.379902058548071908e-01
9.473794468661367318e-01
9.435855808682831469e-01
9.447183701199980410e-01
9.468884792540184225e-01
9.459410916637046585e-01
9.460552199832495956e-01
9.477177677737679273e-01
9.394052830780410535e-01
9.456801659573851326e-01
9.473392943465814842e-01
9.421665617898006273e-01
9.523434598058467815e-01
9.414232949272957063e-01
9.481351375558291217e-01
9.499356668460323672e-01
9.467446988678891451e-01
9.531893296228751700e-01
9.466870913076683713e-01
9.440690550836930983e-01
9.454104254829253096e-01
9.486479083521183187e-01
9.528752727791955923e-01
9.463117005578148833e-01
9.513738678504194413e-01
9.487713000939399510e-01
9.463800855910562415e-01
9.494519341762654996e-01
9.530685841239919798e-01
9.448037867130069101e-01
9.548446175214581055e-01
9.537816105286929247e-01
9.466519174970569050e-01
9.545165438937194269e-01
9.525996683217459182e-01
9.549671421374934521e-01
9.535830058431792322e-01
9.528801696207598315e-01
9.491069225579360502e-01
9.554873301077052572e-01
9.508804484070186858e-01
9.615298280918664897e-01
9.576606700194670863e-01
9.550195670265471115e-01
9.583778338789378237e-01
9.536568429889973331e-01
9.549870554877708528e-01
9.531852659143752460e-01
9.566145380927141284e-01
9.505952590359665333e-01
9.503544315105197926e-01
9.610326396969275375e-01
9.550559106552680699e-01
9.544382678549251375e-01
9.599739011696386548e-01
9.597312586152912939e-01
9.550332459419862419e-01
9.618751939429445175e-01
9.530198563485029473e-01
9.598999150574606398e-01
9.587305701552121251e-01
9.633486750826065759e-01
9.545141106534991149e-01
9.605164255262200745e-01
9.619494016382854618e-01
9.590606027500383490e-01
9.668277329173183832e-01
9.611352077141146477e-01
9.632817216338348532e-01
9.643444023823258826e-01
9.623057758760013014e-01
9.579377747538276866e-01
9.663914467427009436e-01
9.707053099662275031e-01
9.618348965044583032e-01
9.705166436921521811e-01
9.625886419494440460e-01
9.653993856096514392e-01
9.657380027990871696e-01
9.696852726102557218e-01
9.674238980714330305e-01
9.672414660492327787e-01
9.733325501437417593e-01
9.734920111127997044e-01
9.721986457108118262e-01
9.633475705040596138e-01
9.737703662594465737e-01
9.687645722548395844e-01
9.688717559735852136e-01
9.795578330652311427e-01
9.640976987675144994e-01
9.659866637865527350e-01
9.677939939176429807e-01
9.636744727975713465e-01
9.733793050230395982e-01
9.788120709385242924e-01
9.759645190908752266e-01
9.720238277400835569e-01
9.768316058072653574e-01
9.711500641729747807e-01
9.739850308504347520e-01
9.771220618780993572e-01
9.677301272409337685e-01
9.789474030647694613e-01
9.729335650449791872e-01
9.760914345602391684e-01
9.686504873452945752e-01
9.700391771174748934e-01
9.762251510662707243e-01
9.714307463904924278e-01
9.758800296825215215e-01
9.798496916744544594e-01
9.741586574416921662e-01
9.740471516199212809e-01
9.695482004852895574e-01
9.677152618270868922e-01
9.705033915390166577e-01
9.677011934063994847e-01
9.727651471199157962e-01
9.743109646771799248e-01
9.763346962622638792e-01
9.791785800061428846e-01
9.752624476401814402e-01
9.776965455195095744e-01
9.795670805076382992e-01
9.739149227744234860e-01
9.783909499914693608e-01
9.770012211760306098e-01
9.726627758707545590e-01
9.706708137630973843e-01
9.802605762805088885e-01
9.750210009421471646e-01
9.693635088347617446e-01
9.800943554193887186e-01
9.710220581635580217e-01
9.761399745515345616e-01
9.756365346973024932e-01
9.759744340913395488e-01
9.734615284745931074e-01
9.816236202084804852e-01
9.731765488794896779e-01
9.732637944147251030e-01
9.745201675407058062e-01
9.779397870136785631e-01
9.762312237029270312e-01
9.769979023981296695e-01
9.767690355753859688e-01
9.748589296009909644e-01
9.696402847015211934e-01
9.711117964317161899e-01
9.757181691913007215e-01
9.713802119921290945e-01
9.775764770963160100e-01
9.741118156084649371e-01
9.727487424373201241e-01
9.716079544422668857e-01
9.654042584595577958e-01
9.697150368117948283e-01
9.802486940441613728e-01
9.740727740472002738e-01
9.660664253572812665e-01
9.708669764534665347e-01
9.754490850506907229e-01
9.758430157195054910e-01
9.714912859971244208e-01
9.719432585959897342e-01
9.671175136125736982e-01
9.739963146955327167e-01
9.814338655680677759e-01
9.691301996123601326e-01
9.724132205330583423e-01
9.736268531724545650e-01
9.667499501246877847e-01
9.668867337217771363e-01
9.709256040567956214e-01
9.714689559654908768e-01
9.736793982432256911e-01
9.670904646321949460e-01
9.724807133053645636e-01
9.686593121197853984e-01
9.656698019890916918e-01
9.697801751159084160e-01
9.666111571206458253e-01
9.647625325694886289e-01
9.675568742228500829e-01
9.679417167344178674e-01
9.709830218176352945e-01
9.677781572384143161e-01
9.661279042699020270e-01
9.624317850071082425e-01
9.746433289098642705e-01
9.678526472611697073e-01
9.616867542494030863e-01
9.645200951644126164e-01
9.711854515907536456e-01
9.612644538675929606e-01
9.691258409848897415e-01
9.655232726488139905e-01
9.542632115009221927e-01
9.732652934203372963e-01
9.617340605105931806e-01
9.631983091375222461e-01
9.653252699080657750e-01
9.600518243504988503e-01
9.597679229238881282e-01
9.601032217591971563e-01
9.649944369918154186e-01
9.639324331053321648e-01
9.599979250278771747e-01
9.657924390613659149e-01
9.529574210349632812e-01
9.624213675936371670e-01
9.571145592946012082e-01
9.578218664852535813e-01
9.663441187979214808e-01
9.651166137875385465e-01
9.674956861985821721e-01
9.600673332761550105e-01
9.613521417209067721e-01
9.619922938710758764e-01
9.547767580040458224e-01
9.561446374362883027e-01
9.541631361251522447e-01
9.603447456305472807e-01
9.570531768630706759e-01
9.599856238118127383e-01
9.575650087081801765e-01
9.561588644772240908e-01
9.612824583613299723e-01
9.498584764489750309e-01
9.521336438362492105e-01
9.533186416300775123e-01
9.547841503566362187e-01
9.557938128863383564e-01
9.587784131304747381e-01
9.543050813385329789e-01
9.498427107868127051e-01
9.510893752043052540e-01
9.492524129788294518e-01
9.474688652483191920e-01
9.513897448652810507e-01
9.518880463549592719e-01
9.536195140505544510e-01
9.549838488728146224e-01
9.492074076047989362e-01
9.512070265694048121e-01
9.450532159597200277e-01
9.509654911238027974e-01
9.480702221025611998e-01
9.529362994866895642e-01
9.532699790293783781e-01
9.457665046685653776e-01
9.578122109238212945e-01
9.516640587609264124e-01
9.421871426904251390e-01
9.530703970934346625e-01
9.438691186052572402e-01
9.487928358494625014e-01
9.509980577518101219e-01
9.516862718600469506e-01
9.477674549862178388e-01
9.475280528716968353e-01
9.424645669692213179e-01
9.479180977655614626e-01
9.512113630169080070e-01
9.450260686794657028e-01
9.484228645984185135e-01
9.386226071319491160e-01
9.378596273154088392e-01
9.484498990941935270e-01
9.497333082390760906e-01
9.392610535787926374e-01
9.394638249607818459e-01
9.431497101311845377e-01
9.403548844350215763e-01
9.438132320023346900e-01
9.391685218438919902e-01
9.476403793114634988e-01
9.444152450244630570e-01
9.381622943026770578e-01
9.448413518443024017e-01
9.395245527320812418e-01
9.398107359400407201e-01
9.372526565874564897e-01
9.433152048767660114e-01
9.361993326598500031e-01
9.416514746849349304e-01
9.387938408187667116e-01
9.414390075315256512e-01
9.375902890026045489e-01
9.364299937472669866e-01
9.412991518319070439e-01
9.397941072169975207e-01
9.429678262405221112e-01
9.413040114763066013e-01
9.411069872590975827e-01
9.291318354726704198e-01
9.378760502685934419e-01
9.402789703539600197e-01
9.429050797847684517e-01
9.420120062427266294e-01
9.404993917123325442e-01
9.352617886155992766e-01
9.365536057825483152e-01
9.392161660335466289e-01
9.391042769802457890e-01
9.345749546382610129e-01
9.384741148611244199e-01
9.372046094752719547e-01
9.399430104870253322e-01
9.328065644381751120e-01
9.401577530868114874e-01
9.347052379575645498e-01
9.366387321078344375e-01
9.307458650083588747e-01
9.422810394105162191e-01
9.380236552620150325e-01
9.329568046931463465e-01
9.357213972988762674e-01
9.405235244989231802e-01
9.353089172230427684e-01
9.410845483902074982e-01
9.387453342600783346e-01
9.384606949495665207e-01
9.352396652955738965e-01
9.319628126835292070e-01
9.372729692939343327e-01
9.395965797502925376e-01
9.384518361936794451e-01
9.391053667419566597e-01
9.330431152440975540e-01
9.379946296516752380e-01
9.398215885124484581e-01
9.406678788380824496e-01
9.384873366888157875e-01
9.387560779067367633e-01
9.381280141611008094e-01
9.393847583946457469e-01
9.411711313907907828e-01
9.422520105448690675e-01
9.387788769699592084e-01
9.424148219114126812e-01
9.384598779880668484e-01
9.407830773542770197e-01
9.379954429348918987e-01
9.432870904396934986e-01
9.391366086047752137e-01
9.388761958612630298e-01
9.418195022173238007e-01
9.447683879598193224e-01
9.419411264103383363e-01
9.500506427160579914e-01
9.376670248273034636e-01
9.430971359411971511e-01
9.443868775391890402e-01
9.381591003360805203e-01
9.467064789823287363e-01
9.431131788839981489e-01
9.502529647725546091e-01
9.451452052084937661e-01
9.391301259314103200e-01
9.494614550910155382e-01
9.443134572857863063e-01
9.471857118215035731e-01
9.509505173232563058e-01
9.429720976032697211e-01
9.509403507284668322e-01
9.518695053106945858e-01
9.477977636272455486e-01
9.531515074036793767e-01
9.510762292143205565e-01
9.500278226327282249e-01
9.523110670169544489e-01
9.473064961457765554e-01
9.513680778817651396e-01
9.531156164904358574e-01
9.470306656636658937e-01
9.559950511777972615e-01
9.494219397654344306e-01
9.554818655549892625e-01
9.557129027322217585e-01
9.536954211916982560e-01
9.523918499336117005e-01
9.548547266383514698e-01
9.510183028207142009e-01
9.547328534714247805e-01
9.515946014336297276e-01
9.546052700351626008e-01
9.604636865313033178e-01
9.539202356138385408e-01
9.502682710370983221e-01
9.566827691940111844e-01
9.515536844559715490e-01
9.631341608014931666e-01
9.550329252811738945e-01
9.549062693681569236e-01
9.616069915522341693e-01
9.609938279176778453e-01
9.638561674221910458e-01
9.633282263251476962e-01
9.641619959212955893e-01
9.667461986974081878e-01
9.576586870857030087e-01
9.645475459690318054e-01
9.613956795292700752e-01
9.546498670591687663e-01
9.582283533535639330e-01
9.619137646213989923e-01
9.636223133705861255e-01
9.604173198588662475e-01
9.669135928901536614e-01
9.655392881060812504e-01
9.657899032027542630e-01
9.658430331924878764e-01
9.658877886974637228e-01
9.679020678454625104e-01
9.663919979226791579e-01
9.629364627198065962e-01
9.724159791612901893e-01
9.662025324557013128e-01
9.683767381222382342e-01
9.636688911077109232e-01
9.643723643946987556e-01
9.693977650048486439e-01
9.752180870438061921e-01
9.657631979733852789e-01
9.644909435971489309e-01
9.674615402945432319e-01
9.751400179330231843e-01
9.710788949844623152e-01
9.673280130709491775e-01
9.659331481284565424e-01
9.695164761546350984e-01
9.686169280423304606e-01
9.722176172916751069e-01
9.697346691860033729e-01
9.716265691223833212e-01
9.723642898056329420e-01
9.688490039670526466e-01
9.658262504261079240e-01
9.694119395912929038e-01
9.745890108126337159e-01
9.679754962561455400e-01
9.699040842930061190e-01
9.724516116164810819e-01
9.746360564112858116e-01
9.672391267758742028e-01
9.711527895361187213e-01
9.679901546694638093e-01
9.667974053788503941e-01
9.704796677294125207e-01
9.700750099676600513e-01
9.714520325293631853e-01
9.790696899172822709e-01
9.748689772437715284e-01
9.710217456069303310e-01
9.720723146445717777e-01
9.755497928226128934e-01
9.684630945154931725e-01
9.726435711156790065e-01
9.737731289937864299e-01
9.728128533732166572e-01
9.696854642741248309e-01
9.725365555453259203e-01
9.742869366811293119e-01
9.677004490260833203e-01
9.742640485091877967e-01
9.717361427764598103e-01
9.754306908745321580e-01
9.723741713317733959e-01
9.769352983617233255e-01
9.777881945864432822e-01
9.751317578516415230e-01
9.768767547867893697e-01
9.732087999835524750e-01
9.747896713741766028e-01
9.718856993493582008e-01
9.684176424973860442e-01
9.735119079667222675e-01
9.693007522846112112e-01
9.709599329108051791e-01
9.754464319308278064e-01
9.680482107769133870e-01
9.687705654554727985e-01
9.779538875014134325e-01
9.752854587264281339e-01
9.705464775012193623e-01
9.698154518716964878e-01
9.681269424831763226e-01
9.702950693287787365e-01
9.679311089678959146e-01
9.673871216414451357e-01
9.677447770583501585e-01
9.712173993256778548e-01
9.688952004008182239e-01
9.700717858452369002e-01
9.697628846323151919e-01
9.649310711031501286e-01
9.686865935057809018e-01
9.697802128550548906e-01
9.655557592841735870e-01
9.640914033597410837e-01
9.691301677422297089e-01
9.660490500469117725e-01
9.607790293820137606e-01
9.700377277096103867e-01
9.682627667525238735e-01
9.681394121699038458e-01
9.635250295317411284e-01
9.645252279482355862e-01
9.660714055767691821e-01
9.657002332580371107e-01
9.620459039378392863e-01
9.653114245391927195e-01
9.674806105369183618e-01
9.693831165422091001e-01
9.690026608323352164e-01
9.638417213427343810e-01
9.647145072328702220e-01
9.585470457099384278e-01
9.587697427864790845e-01
9.622109909000771122e-01
9.615001581423923138e-01
9.662973571488158164e-01
9.712382687506180279e-01
9.627517582618074776e-01
9.613384624772197684e-01
9.668101588188253714e-01
9.634083299508019449e-01
9.645367918649963013e-01
9.601281351625893246e-01
9.605240113486193110e-01
9.622824173394388669e-01
9.609513326954705059e-01
9.611182489199309176e-01
9.585129200062378896e-01
9.560504869352789425e-01
9.651641532576945570e-01
9.542647924159819439e-01
9.626983076147827001e-01
9.590110719420622543e-01
9.617550407062759321e-01
9.645476390838852998e-01
9.573762829633667426e-01
9.597994106274763126e-01
9.577374370322320196e-01
9.516757382058319559e-01
9.620656225917526561e-01
9.565766729240932076e-01
9.606226497532931452e-01
9.581411568241129384e-01
9.583510862969053523e-01
9.553146747633786129e-01
9.538865050313053429e-01
9.561080816130691495e-01
9.575091687593362266e-01
9.510883702003180007e-01
9.596737041062365359e-01
9.487473104531365387e-01
9.589697626638883365e-01
9.576057098887054142e-01
9.496624547219095769e-01
9.502886354749137121e-01
9.537355921356449606e-01
9.481246500588590420e-01
9.502300981508261524e-01
9.521704287084923335e-01
9.523372784223205212e-01
9.541068901382657730e-01
9.486327989303936503e-01
9.536612586461596930e-01
9.481875561106326566e-01
9.581200803410163669e-01
9.549078704068636458e-01
9.504928952925472130e-01
9.494857785166740394e-01
9.516306382434592814e-01
9.528196956089529657e-01
9.557272656923315735e-01
9.541527781329915969e-01
9.531845260521850660e-01
9.506943694484619733e-01
9.498680636497278673e-01
9.542251217280328657e-01
9.546275752979592744e-01
9.583634337980954099e-01
9.446167714705485663e-01
9.531497161879736169e-01
9.516253397661337265e-01
9.506246232850741329e-01
9.505786334505983426e-01
9.512945755994358654e-01
9.535893982678811387e-01
9.493745304124262541e-01
9.491327984656331429e-01
9.489482579334247436e-01
9.509898607256948022e-01
9.538949367643178023e-01
9.481269571516218742e-01
9.458466613756784103e-01
9.460436070248783302e-01
9.501598204134362735e-01
9.438865001817947631e-01
9.452542278571217649e-01
9.531231956988247545e-01
9.529091884065489237e-01
9.513871929509376546e-01
9.483054151202251481e-01
9.488325357509463931e-01
9.589730002901701855e-01
9.462743635162760292e-01
9.480964149916067951e-01
9.527542298532596377e-01
9.506274873097454448e-01
9.460304560658753248e-01
9.455020200421605514e-01
9.558829773650282524e-01
9.464758719101137308e-01
9.545852871782635196e-01
9.511092686244841943e-01
9.536699725374483405e-01
9.496669326342505046e-01
9.503057991871305399e-01
9.481048232699684775e-01
9.499057806150479344e-01
9.527934203619995435e-01
9.557512588403229703e-01
9.541870165877470722e-01
9.503170585358536870e-01
9.430135100372170065e-01
9.473920037632116431e-01
9.525411485092765140e-01
9.566442890068979077e-01
9.495596362458094131e-01
9.520009848103829775e-01
9.494678760545993690e-01
9.511449423205889930e-01
9.494220072237629093e-01
9.471596555021182251e-01
9.485508169115329791e-01
9.551552161123323392e-01
9.533126332648638179e-01
9.525051655380838422e-01
9.550422328473934241e-01
9.508481820095575632e-01
9.571187361268994609e-01
9.508244495145780073e-01
9.574126909007414366e-01
9.527276482817745862e-01
9.577888926400111025e-01
9.571405371411251251e-01
9.562902590293680394e-01
9.552945233163209204e-01
9.612858611722905344e-01
9.544435438775036307e-01
9.562060063486833572e-01
9.573152503581060513e-01
9.628209818187476454e-01
9.567668635565825808e-01
9.611141498012497619e-01
9.682761973220553875e-01
9.550818726914467316e-01
9.564979022528716790e-01
9.545614671809660168e-01
9.625515624637973611e-01
9.592048403563868675e-01
9.585188472511512181e-01
9.649482000426838901e-01
9.578496338326288884e-01
9.672814042247540600e-01
9.614576998533705954e-01
9.613860383405299359e-01
9.654646097791497183e-01
9.597287721028856522e-01
9.613734015770560859e-01
9.657494518025142582e-01
9.625917054837901388e-01
9.637024412442856125e-01
9.620140879080859575e-01
9.624999071241935322e-01
9.652371009301755622e-01
9.616724828936673575e-01
9.607246980841197548e-01
9.644426402099447460e-01
9.684883740425638265e-01
9.652850816056589567e-01
9.676341232190968089e-01
9.706071975685487407e-01
9.637984977306505163e-01
9.669795346312198836e-01
9.675020405096660392e-01
9.652180994939540959e-01
9.709549980410404624e-01
9.692038129011280034e-01
9.716681190703405635e-01
9.717075581301140019e-01
9.721578772106329591e-01
9.714820373002212017e-01
9.659951699104157852e-01
9.750060776148440356e-01
9.688532517095365115e-01
9.695803206984610068e-01
9.741877314409292943e-01
9.709013903781703592e-01
9.736393563353290537e-01
9.777436448433567406e-01
9.725254255163746642e-01
9.702852502348923158e-01
9.742521586773400522e-01
9.783245151402210071e-01
9.788895326555296927e-01
9.767440785230737665e-01
9.720345933668173011e-01
9.696940162601429547e-01
9.802515231117139294e-01
9.752784233055260543e-01
9.801448684976047376e-01
9.767534898944486565e-01
9.793784855331705286e-01
9.806614490019468500e-01
9.789295318704792637e-01
9.791146714038556631e-01
9.743083207532072798e-01
9.756316494563815889e-01
9.755810297961035049e-01
9.817651536232920861e-01
9.800951932469690320e-01
9.834351494380502157e-01
9.784054843199857521e-01
9.810179230804404460e-01
9.790861497719939299e-01
9.819762105724634260e-01
9.772734916072062239e-01
9.814255671540509374e-01
9.834002186389801947e-01
9.824338158065222260e-01
9.833283673663293367e-01
9.770688602991480787e-01
9.810960269715519599e-01
9.852462659443541604e-01
9.815611392718659456e-01
9.790632942352955892e-01
9.813510990469438422e-01
9.899120586614568174e-01
9.815591731039218226e-01
9.838453685021285589e-01
9.835975944064722087e-01
9.811964431054864821e-01
9.892150079459092193e-01
9.821102386837867737e-01
9.873528699278854015e-01
9.813688489706008378e-01
9.855391755145687105e-01
9.875888496178298892e-01
9.878659028975098622e-01
9.893298376114675330e-01
9.829927822939705795e-01
9.873825224996443106e-01
9.860083664874598197e-01
9.871585549153657491e-01
9.864808385862439133e-01
9.811194392243918205e-01
9.830063525733121477e-01
9.890468337404813015e-01
9.826925360939752219e-01
9.877909345451645340e-01
9.876644091061348441e-01
9.883889303643904611e-01
9.844561869230579187e-01
9.877557280609703394e-01
9.855170777424809847e-01
9.883191725783715409e-01
9.864236619119616245e-01
9.893007203063867161e-01
9.928661019301828761e-01
9.920615649718903528e-01
9.848951912216609150e-01
9.921134348649911505e-01
9.852849067021369756e-01
9.957498741973153100e-01
9.848618157867582434e-01
9.854064742373931374e-01
9.901574281950813461e-01
9.830217639408934671e-01
9.818889787100979483e-01
9.847811778518069659e-01
9.944223747059425245e-01
9.951076808799184104e-01
9.858471367024748133e-01
9.895954343493583716e-01
9.922088812198661678e-01
9.871130752383724394e-01
9.870719288521979662e-01
9.881115461495399988e-01
9.873990102858224427e-01
9.885380421408846985e-01
9.825346056278841944e-01
9.864660724276198556e-01
9.853855268024050984e-01
9.858478201585673117e-01
9.846445076460249579e-01
9.856669884388944425e-01
9.858857350794202334e-01
9.850535507601176910e-01
9.885991288086679596e-01
9.835565090869300420e-01
9.790090083943447929e-01
9.916417299507862548e-01
9.820547219983914999e-01
9.878881225699815971e-01
9.825655219113452743e-01
