9.564325985159953802e-01
9.168758314551048727e-01
8.869208726715130942e-01
9.794171259562831633e-01
9.200143979744127565e-01
9.798472765139134566e-01
9.057873855111807648e-01
9.514591250011681378e-01
8.819565213254018099e-01
9.405675037287709594e-01
9.811008418068295489e-01
9.949009794098568893e-01
8.719389060276283576e-01
9.662830077533314244e-01
9.118321204128024826e-01
9.403173449634594228e-01
9.164745009887138583e-01
9.876179156071595022e-01
9.874166131282295922e-01
9.019405637534357867e-01
9.526970911924975693e-01
9.271270250243626165e-01
9.296954116272430069e-01
9.624801356773518002e-01
9.394310761223492179e-01
9.636498485450428753e-01
9.522760244350949588e-01
9.191031598100992683e-01
9.278963423667144772e-01
9.342388046122241940e-01
9.269347600583247582e-01
9.229755460732678163e-01
9.460318806773968525e-01
9.112883621501344233e-01
9.166018465430146867e-01
9.568363314087056093e-01
9.592284670233377497e-01
9.442813131531012649e-01
9.804768015554082838e-01
9.567767869232859379e-01
9.565739676883413534e-01
9.392562145513260186e-01
9.565792317599490779e-01
9.063180782604227659e-01
9.321957557847673215e-01
9.692062580206911582e-01
9.213713994932298812e-01
9.240406634154502141e-01
9.765010337921987693e-01
9.272359411225058468e-01
9.768074660796751685e-01
9.280646991037070359e-01
9.134952439961185888e-01
9.251656001070271973e-01
9.483507097760970339e-01
9.280406458567078687e-01
9.426354937647165588e-01
9.068809587070921774e-01
9.422378103465505195e-01
9.112490204612522238e-01
9.514132155208873121e-01
9.380546651669715574e-01
9.590680550888204259e-01
9.396755333178028469e-01
9.499563425742911793e-01
9.350485255065540402e-01
9.428860228099842367e-01
9.500978082842480577e-01
9.417733249841084842e-01
9.618821370729462306e-01
9.353299882683564492e-01
9.347350010515287355e-01
9.524888592233112794e-01
9.395038763990687380e-01
9.437638078357238891e-01
9.224641791691441384e-01
9.364505400662510581e-01
9.205978435625129519e-01
9.204507435378818103e-01
9.193374312277967642e-01
9.498804087737755530e-01
9.637051796327357200e-01
9.435265687047118544e-01
9.479744290909404292e-01
9.337820948885477979e-01
9.318149431208752054e-01
9.411139186529020595e-01
9.598805618217927105e-01
9.466972079544373475e-01
9.514684084427685873e-01
9.522818926867232525e-01
9.324897363410408202e-01
9.261277010226496298e-01
9.601244127709036569e-01
9.432238327529036681e-01
9.378649281093252021e-01
9.702335985131139706e-01
9.622391966729845203e-01
9.390503621990454741e-01
9.350567650454767454e-01
9.427524079815889912e-01
9.405160269837579134e-01
9.171133106936325552e-01
9.327824982271706311e-01
9.679943065882844477e-01
9.465915110891959250e-01
9.276167855769866799e-01
9.252385407395202765e-01
9.166382677482686203e-01
9.377656120326687272e-01
9.418028785374381595e-01
9.349311020491671842e-01
9.542841596150709593e-01
9.299640273783942312e-01
9.366743209326986452e-01
9.204904359822414506e-01
9.291652943566538481e-01
9.460786588885149451e-01
9.319014818048065862e-01
9.547360487439641163e-01
9.253420294706892202e-01
9.450810048268255548e-01
9.415208935399121959e-01
9.338696222976476946e-01
9.415957968873102102e-01
9.282980709416812637e-01
9.239062011250389617e-01
9.376253765088995440e-01
9.426791071444345915e-01
9.387038730229052552e-01
9.277950555332279414e-01
9.377134009938672410e-01
9.328603745343962972e-01
9.405027959460678932e-01
9.279569928119461020e-01
9.433946010711300456e-01
9.326031097406896064e-01
9.354636558436446592e-01
9.372220285551106089e-01
9.374397634014036695e-01
9.482003460820588314e-01
9.226570857769037515e-01
9.463351138004737484e-01
9.225817647594489745e-01
9.431413774592841692e-01
9.447826271499053519e-01
9.388927692417872173e-01
9.400785786495808871e-01
9.339541140174330014e-01
9.424245122438140720e-01
9.235730096051614213e-01
9.391064428224138450e-01
9.260837931869266848e-01
9.253965352339437178e-01
9.467517487813291721e-01
9.298470766698168077e-01
9.384165563406511312e-01
9.352783670907185432e-01
9.360586946190866398e-01
9.233594763989383392e-01
9.186560324273421729e-01
9.286754716949742194e-01
9.341037451077839338e-01
9.442009715323851360e-01
9.443124588824636234e-01
9.364688207992775126e-01
9.359241959849505799e-01
9.314688209522316020e-01
9.600100601892339602e-01
9.327617071318414776e-01
9.307942486387283942e-01
9.396019600411310568e-01
9.305198255139709440e-01
9.367562868668147802e-01
9.181640354102809098e-01
9.390627997196102639e-01
9.181320892934944355e-01
9.494245404142391820e-01
9.192063885749637286e-01
9.394105158834640257e-01
9.412801735868855380e-01
9.426102403037768251e-01
9.339226519924417325e-01
9.357697146639527563e-01
9.409554565741207188e-01
9.433620420474815305e-01
9.253490296980785290e-01
9.372510257352240082e-01
9.458906961655348944e-01
9.341969182316677278e-01
9.335414206177655716e-01
9.287799800822266194e-01
9.351451699383604987e-01
9.301422720725557314e-01
9.263706364417783057e-01
9.488696374492310293e-01
9.171674916019161294e-01
9.358827282503134892e-01
9.275641777067560323e-01
9.303350741982291394e-01
9.241602644416070378e-01
9.407176885240872144e-01
9.408718102289355123e-01
9.319152106375291345e-01
9.449814594680664426e-01
9.445076110264486458e-01
9.293418803354291935e-01
9.218813557635245903e-01
9.289599248988451574e-01
9.257158160258797119e-01
9.428714531544920563e-01
9.325299981045928055e-01
9.377134829640936253e-01
9.276798008727951128e-01
9.394894049733409913e-01
9.382242514277223666e-01
9.269566848627508460e-01
9.257373769477517111e-01
9.192544592235877277e-01
9.324595757474711810e-01
9.376217336545439318e-01
9.384755760712422124e-01
9.548951351790119224e-01
9.308766920260277411e-01
9.365584649646326865e-01
9.247292592571376701e-01
9.450809488348098641e-01
9.199382973228295013e-01
9.300079603865688549e-01
9.375181832612742294e-01
9.312505239643230626e-01
9.279405550226126342e-01
9.378901495590046267e-01
9.234062858523121031e-01
9.340897378852518473e-01
9.274597798925232617e-01
9.308950721489110958e-01
9.401854361502915980e-01
9.299014158821395926e-01
9.365128369353238336e-01
9.413169305037358825e-01
9.306944252275483054e-01
9.359019076402064208e-01
9.392215739033746846e-01
9.294122128248041292e-01
9.247812282943377316e-01
9.156642078189299871e-01
9.355701788153384379e-01
9.387139206717731721e-01
9.270941043766692813e-01
9.240429575777325821e-01
9.219148646389636603e-01
9.227444150087332764e-01
9.339305155401763647e-01
9.329078741169609668e-01
9.330729836170401637e-01
9.339442290538061409e-01
9.353195438278621987e-01
9.234691955707610145e-01
9.234606954162514203e-01
9.427006597119464981e-01
9.213340193065763239e-01
9.264701278368362436e-01
9.216303840464603603e-01
9.283371591942788381e-01
9.191226626351690632e-01
9.339615757210284475e-01
9.290447163269214270e-01
9.318357440708712192e-01
9.295096514394174392e-01
9.340672702364148927e-01
9.341212192174719320e-01
9.333727588588248691e-01
9.315176142477725740e-01
9.228065897431053655e-01
9.244820438872372037e-01
9.282020193696425281e-01
9.207551793975120580e-01
9.382731739005039096e-01
9.228294290459670979e-01
9.364582844381100779e-01
9.385349078209647145e-01
9.272415485986552630e-01
9.327289402268350571e-01
9.262118296721576494e-01
9.306686942432951248e-01
9.246634833524211006e-01
9.091013360749844452e-01
9.387847416293859659e-01
9.356056915795426532e-01
9.239263952997869289e-01
9.397469286706460201e-01
9.214336778612860490e-01
9.328438260187836839e-01
9.270627463593411610e-01
9.292759723380321635e-01
9.116402161662566783e-01
9.400108294635194373e-01
9.279023456823846105e-01
9.259605467693389214e-01
9.289937072454443889e-01
9.222438159229952026e-01
9.264863467382647988e-01
9.242879575153712945e-01
9.175184267798149884e-01
9.213604082572910414e-01
9.143418115628495491e-01
9.324426691043843363e-01
9.273813019848671235e-01
9.204242290231119394e-01
9.314408286251959490e-01
9.205353257629727004e-01
9.334404123953472521e-01
9.178218501603524482e-01
9.231259554044440874e-01
9.341659656969010239e-01
9.190314420914861282e-01
9.180109463834190686e-01
9.226369062596642134e-01
9.303285088973443084e-01
9.153532201065364138e-01
9.167068254885918366e-01
9.214743046565264661e-01
9.244178890440255536e-01
9.273076736460761360e-01
9.261412676542820632e-01
9.380636059811914285e-01
9.312111648580132517e-01
9.340017102636410939e-01
9.316402691427255744e-01
9.288740515410990328e-01
9.276271992011531076e-01
9.239756608732812015e-01
9.241920075889411557e-01
9.312415989200705235e-01
9.239537554125500929e-01
9.204016905278400440e-01
9.307414666461625297e-01
9.370377680667294484e-01
9.237195366520518647e-01
9.136308447499553731e-01
9.329825793160144709e-01
9.302480894035715098e-01
9.309297882976246274e-01
9.208022351795435156e-01
9.243151162649652086e-01
9.386558923021959266e-01
9.046684996314573457e-01
9.211758562779973625e-01
9.244529734992706915e-01
9.226962388517495617e-01
9.144754832480782580e-01
9.190367971454380669e-01
9.304261161004685476e-01
9.294230203382359834e-01
9.142933358591712745e-01
9.167072825020075033e-01
9.214658710633371053e-01
9.273454473107309859e-01
9.264392007283621666e-01
9.306741874862280994e-01
9.175177338817650519e-01
9.234553355098454874e-01
9.132646441430631867e-01
9.301063428644660291e-01
9.242798015961275482e-01
9.202256887562001442e-01
9.253160908438323728e-01
9.250755783824032852e-01
9.328176914862351676e-01
9.333114068032341004e-01
9.366313864254174337e-01
9.263213997833137370e-01
9.224789822052724686e-01
9.279036616806618509e-01
9.128266986262142391e-01
9.295658183564246002e-01
9.317035154474238023e-01
9.253428569245308877e-01
9.227128717367188981e-01
9.312295969126993533e-01
9.381023275008891771e-01
9.183335652678653593e-01
9.140992386509325662e-01
9.199738974783163714e-01
9.514728470655351433e-01
9.410540856067137749e-01
9.329391712302449458e-01
9.312891614648810545e-01
9.241997893726465740e-01
9.375685917952873982e-01
9.342391647773254926e-01
9.325749966500315180e-01
9.273244828615661017e-01
9.251175779219342754e-01
9.339426799023747838e-01
9.203392594677811678e-01
9.373362698799930781e-01
9.414394408466107977e-01
9.358902569081043454e-01
9.397395293771658720e-01
9.358276310018002198e-01
9.369119055032198995e-01
9.464861501051267112e-01
9.350996491377421282e-01
9.400186369049047252e-01
9.295146213023506299e-01
9.354986405764638135e-01
9.381219554618029921e-01
9.267882498828271531e-01
9.282933197891528598e-01
9.314277655599854100e-01
9.380871866324017594e-01
9.463135594821726615e-01
9.398971332056492711e-01
9.305286772338554613e-01
9.352513972168999823e-01
9.411847846149790087e-01
9.411262433067820732e-01
9.403978844633114065e-01
9.368355354788976408e-01
9.295936725638473952e-01
9.416940548161812918e-01
9.393040970034268744e-01
9.346878342306701448e-01
9.380452126351377373e-01
9.390020166991488448e-01
9.417762787406569469e-01
9.386338223955893456e-01
9.436259996920146609e-01
9.387400553514607671e-01
9.383687276273745548e-01
9.430758111391863707e-01
9.510399783841960719e-01
9.401191384618756697e-01
9.274796657475520290e-01
9.357975638685119835e-01
9.386639304198043376e-01
9.384305039366693801e-01
9.320826082928203027e-01
9.374037733730163913e-01
9.426769137053018222e-01
9.527191113524509092e-01
9.530164613367089199e-01
9.505655691770786841e-01
9.381894602267984995e-01
9.385439415589066359e-01
9.382949118745005368e-01
9.487767103756833409e-01
9.467053325500393024e-01
9.441497446461173393e-01
9.382915434358465312e-01
9.454637762518947053e-01
9.431898896558673639e-01
9.325731126456264786e-01
9.445695419528400416e-01
9.535087739350320835e-01
9.542296478710359242e-01
9.387251581524984623e-01
9.488387453919113756e-01
9.543772651836920362e-01
9.554576291315484138e-01
9.473930732318353032e-01
9.390031232904921810e-01
9.451363010426087063e-01
9.487557827509439656e-01
9.340637525346583425e-01
9.423893149606556996e-01
9.362055450915504062e-01
9.446429125344640854e-01
9.475036128275223790e-01
9.407072205084825445e-01
9.452980493366125447e-01
9.430391178859581780e-01
9.518230966151914885e-01
9.417023590080562112e-01
9.441338758865931435e-01
9.457470411269031096e-01
9.370479588857332232e-01
9.421795661261878063e-01
9.470240948633590339e-01
9.390664841344519287e-01
9.386601444330305855e-01
9.425149921254616370e-01
9.395541857425908638e-01
9.413397444996189911e-01
9.427009772515562158e-01
9.430150035092522698e-01
9.394819614518210571e-01
9.421381165640549948e-01
9.277459710721318586e-01
9.366932184339152867e-01
9.422044328261546253e-01
9.334020817496969658e-01
9.405433991045729636e-01
9.360430539412789575e-01
9.409163017666878348e-01
9.398975807976062136e-01
9.289253779437556258e-01
9.518436442792503893e-01
9.414047140307414407e-01
9.475348371293123018e-01
9.469651880496303686e-01
9.457119514023336615e-01
9.372772160601035019e-01
9.377872031818690335e-01
9.441647291141661569e-01
9.395971915871501601e-01
9.370439000221484349e-01
9.392016614654544737e-01
9.307920689048905238e-01
9.391396803645347680e-01
9.337546742493544327e-01
9.302312654253135360e-01
9.413131374192026390e-01
9.396777132527499576e-01
9.346586588840430920e-01
9.363286680132218986e-01
9.223629220102648185e-01
9.447705385450829718e-01
9.357620847333747438e-01
9.413873020668115377e-01
9.344142728973051648e-01
9.434453060261220880e-01
9.408459265606051725e-01
9.429124346923262179e-01
9.374268940800585259e-01
9.326162946977961665e-01
9.298007917904955733e-01
9.285977573935646490e-01
9.377379330693830228e-01
9.182034378457539781e-01
9.340245153769677344e-01
9.354329807243628725e-01
9.371719881067239744e-01
9.226484300191262200e-01
9.234230027626083581e-01
9.390688892233532981e-01
9.397979291102935839e-01
9.350016087068336867e-01
9.372538010638117312e-01
9.348784102871797730e-01
9.372624796145738735e-01
9.284659038604322623e-01
9.255801897234473552e-01
9.315481439795070262e-01
9.247591242747006390e-01
9.237185706866896107e-01
9.338785624850046707e-01
9.230786990877142273e-01
9.262414405580091659e-01
9.227263443175136581e-01
9.334126042583098526e-01
9.283513130455226525e-01
9.278189047946230339e-01
9.234511526250174240e-01
9.312426748309060587e-01
9.364032754223783339e-01
9.156011045453171793e-01
9.276158034449424328e-01
9.241818936731449607e-01
9.277113853199110416e-01
9.303298922358695933e-01
9.335120499333411370e-01
9.313749228769349076e-01
9.339727032725435585e-01
9.297788521393494099e-01
9.256729933250628095e-01
9.277606791334638281e-01
9.363379948254269003e-01
9.298152006218791676e-01
9.277279494110858282e-01
9.239326917930829053e-01
9.261302595618096101e-01
9.226160836695606049e-01
9.318346900269830480e-01
9.278285724606324392e-01
9.268460922240605582e-01
9.264703013667213716e-01
9.276907877426715521e-01
9.181898987819265834e-01
9.278725356662077539e-01
9.181512337762519627e-01
9.288464815342420966e-01
9.286082867421493470e-01
9.267818278088764128e-01
9.159789398582302011e-01
9.152251553580850185e-01
9.177372509083836505e-01
9.224052319511232279e-01
9.217563609755078380e-01
9.340973929236762174e-01
9.258689046421960667e-01
9.222732670266270416e-01
9.262286854808128300e-01
9.114950990086487792e-01
9.298575887824427344e-01
9.223473490141157471e-01
9.251055534624761378e-01
9.177557657089078225e-01
9.241853418642689277e-01
9.265354461348781490e-01
9.250033446477489152e-01
9.263518184130945521e-01
9.197905122804422851e-01
9.264367367752356364e-01
9.146700440313257907e-01
9.239083949358202208e-01
9.137662626537040866e-01
9.242717225181377172e-01
9.197972929109898832e-01
9.262059613916219236e-01
9.241384451363527930e-01
9.183813788069595807e-01
9.224366693372422210e-01
9.172342373121271653e-01
9.220644701225217954e-01
9.180773603812872885e-01
9.263802964094906001e-01
9.358214668090752975e-01
9.198765562280305508e-01
9.205525644897822879e-01
9.140202078945900421e-01
9.263423102265884168e-01
9.171649872637974710e-01
9.263474924544528033e-01
9.194522755391936197e-01
9.206339024489271772e-01
9.262260847605621183e-01
9.280864106592847662e-01
9.271375578837310893e-01
9.224192404333263484e-01
9.170433013312646597e-01
9.305634386965468963e-01
9.161806796148752596e-01
9.232858916600916732e-01
9.259672699696861464e-01
9.308462195132778394e-01
9.210461169514270185e-01
9.247448646869835809e-01
9.214867197881682070e-01
9.201702580896184980e-01
9.261542819988934916e-01
9.214946511683912433e-01
9.258553955524632118e-01
9.288308519629278059e-01
9.201482258390273339e-01
9.263724296577622308e-01
9.263159273369730995e-01
9.255455072142807493e-01
9.373525282628433208e-01
9.224650371854647979e-01
9.286948172932698586e-01
9.188558750324336000e-01
9.256260495277776057e-01
9.308994738935416624e-01
9.363402609015549771e-01
9.275843009018165386e-01
9.274194949149113798e-01
9.277083245659434318e-01
9.254818875708485937e-01
9.310995594286337607e-01
9.257044303200994140e-01
9.249429149959189633e-01
9.279476528108469013e-01
9.270704361526258541e-01
9.311543645488226106e-01
9.284444346453230024e-01
9.227060913956809385e-01
9.379240527429937302e-01
9.329094972531436492e-01
9.260775312507412149e-01
9.331546630745390924e-01
9.378701501017218112e-01
9.218700284683685187e-01
9.321102855776919327e-01
9.305821890392796947e-01
9.344206795328142690e-01
9.360813441700289728e-01
9.262046070208160842e-01
9.310858383585297604e-01
9.241673809867039235e-01
9.360908832849447192e-01
9.482288474769171582e-01
9.391770735568473194e-01
9.331920981392571868e-01
9.275712173085133294e-01
9.359407925761739078e-01
9.308605305922981188e-01
9.302291407457435879e-01
9.336444590159622692e-01
9.283584777049311842e-01
9.346653884748925556e-01
9.378095731587449135e-01
9.257727327461320321e-01
9.399584353358546585e-01
9.333944718250757333e-01
9.287457328976492787e-01
9.406212628894896621e-01
9.348378658575233757e-01
9.362809620797067911e-01
9.319387945407001661e-01
9.354239473606555944e-01
9.304137672965386852e-01
9.404207373433556283e-01
9.400426522815731323e-01
9.359634529789100377e-01
9.312358649579054459e-01
9.387655924527418261e-01
9.455811914687669573e-01
9.390817232683209559e-01
9.328204246925125842e-01
9.349269156292528971e-01
9.423715499950034991e-01
9.327754234985297099e-01
9.353906212672604692e-01
9.418833007726479245e-01
9.345663711053643352e-01
9.323308275595878492e-01
9.322472246816423391e-01
9.421506803448858047e-01
9.369888004541416793e-01
9.286400181922385144e-01
9.285935231718120964e-01
9.434385477021363098e-01
9.421470315159606868e-01
9.351802008555520906e-01
9.419166517634449676e-01
9.418935359577155220e-01
9.344991781682857601e-01
9.343287164021022440e-01
9.307354829102407745e-01
9.398572399975065883e-01
9.414266991751767399e-01
9.375258664707117884e-01
9.385944965396023631e-01
9.376608687601167835e-01
9.337932838439964023e-01
9.344393866714325592e-01
9.395226394583490181e-01
9.376725763991969886e-01
9.335879142272260900e-01
9.382915524982949895e-01
9.345366035444258035e-01
9.401558411325052766e-01
9.396172353689238310e-01
9.358841065641796408e-01
9.349700545963472997e-01
9.351620825356212752e-01
9.317033356362578456e-01
9.347930686629214447e-01
9.359402186448921857e-01
9.373011459869894368e-01
9.348549294663478504e-01
9.355868314252419049e-01
9.327967398108242270e-01
9.343101942368747803e-01
9.334987576973132750e-01
9.302145812079287701e-01
9.317646111566134648e-01
9.318860144810273693e-01
9.367804536995352205e-01
9.376665182292979184e-01
9.379321960909827727e-01
9.419146100579502967e-01
9.330433511245487255e-01
9.277902372792302677e-01
9.275972244481027751e-01
9.265261773950180801e-01
9.292840107634176006e-01
9.290262711580529187e-01
9.344056888166202279e-01
9.410118817214432330e-01
9.340234007488874557e-01
9.363404426787892421e-01
9.275822449939070680e-01
9.240648197073276782e-01
9.412089925085868058e-01
9.318822487663708243e-01
9.338711616342559863e-01
9.251635910264528473e-01
9.292160092353283218e-01
9.306193331534333701e-01
9.323895220400398864e-01
9.216546128899437695e-01
9.282344551009759082e-01
9.341552025314414642e-01
9.305192962145261149e-01
9.251200252677563851e-01
9.164144962594440447e-01
9.335812027804788471e-01
9.218438708417192595e-01
9.235673760522531417e-01
9.275233128270896632e-01
9.210841829876440512e-01
9.299413272224427152e-01
9.265992729423083718e-01
9.213145103527707880e-01
9.333488822668399854e-01
9.157540206116884240e-01
9.185465357718878288e-01
9.259104420632480181e-01
9.292377214616830416e-01
9.262778900327256482e-01
9.250727616553432453e-01
9.160300085925947577e-01
9.248781530400190798e-01
9.173972899206701559e-01
9.190019617095432913e-01
9.308057145951381672e-01
9.282395653852766326e-01
9.190666281118613501e-01
9.219290610098604954e-01
9.139825370064107446e-01
9.219892662668476291e-01
9.220148291972831700e-01
9.163271797636302063e-01
9.231352550898769271e-01
9.239282492491551757e-01
9.214583531027238372e-01
9.309076122787529606e-01
9.196932077528415794e-01
9.177191311664804063e-01
9.140932062393013480e-01
9.256493623597431553e-01
9.210563308239674285e-01
9.167306661812368862e-01
9.234646629664657880e-01
9.199487182442964706e-01
9.216939846655928248e-01
9.220164767063330213e-01
9.079027429434382013e-01
9.139526922135482456e-01
9.202020860551689552e-01
9.171042111525791185e-01
9.114842555147217862e-01
9.224071578072896571e-01
9.087263920736763367e-01
9.134968277987886021e-01
9.163940182941890944e-01
9.126135895919414986e-01
9.135465295088820437e-01
9.177833878570720305e-01
9.175326360183868601e-01
9.158556406466978883e-01
9.098057380489584789e-01
9.208908952136275472e-01
9.087202836037512332e-01
9.158667030508679252e-01
9.064078802669712775e-01
9.110868736454784678e-01
9.055856460357096793e-01
9.108175079431711785e-01
9.102091559290359513e-01
9.122517720105791650e-01
9.071895908812129816e-01
9.117213404873181215e-01
9.146862514474788375e-01
9.144065340619141891e-01
8.979423265770239970e-01
9.050617711965156520e-01
9.017180862439152511e-01
9.089174656631270333e-01
9.036233426404207680e-01
9.039826504836220300e-01
9.113501147590491458e-01
9.097464933810648358e-01
8.993801429769238132e-01
9.095120768113681420e-01
9.041536237786441665e-01
9.063802135998839660e-01
9.124327442776155594e-01
9.111354260880049072e-01
9.066968123203563712e-01
9.018338521940086894e-01
9.070856103014983685e-01
9.024432116272790294e-01
9.073134475328543669e-01
9.131349222697987544e-01
9.050634303417592896e-01
8.994395081170348805e-01
8.928583321942180628e-01
9.018489955404401792e-01
9.078241469582236656e-01
9.022379759240340968e-01
9.064402738103933821e-01
9.033346142463345441e-01
8.999258692598138820e-01
9.050740910247577764e-01
8.941673980123967524e-01
9.104713306656072591e-01
8.963115206060342510e-01
8.970185362426134068e-01
9.070445189283099507e-01
9.028923323568296411e-01
8.944901429428607775e-01
8.942452817605478499e-01
9.007995393468829493e-01
8.929272705701947199e-01
8.998082523440125158e-01
8.983587128031290669e-01
8.960847083447489592e-01
9.025560159266330373e-01
8.920570245454361169e-01
9.004810380788267343e-01
8.976212084500468924e-01
8.959762077327145802e-01
8.998802367952781767e-01
8.914331664106663888e-01
8.984476609822472648e-01
8.982123521470721794e-01
8.992730855489167174e-01
9.034060807515473801e-01
8.982656816896515961e-01
8.977549538918135896e-01
8.979599116811394222e-01
8.958686391911444558e-01
8.993426243810116461e-01
8.977543694683451925e-01
8.988067750843381498e-01
9.007826620177458166e-01
9.024794189159536240e-01
8.913398383858034402e-01
8.892565246704187132e-01
8.890581018633515464e-01
8.962747125011887306e-01
9.003794872549168993e-01
8.951241026200164042e-01
8.881395155929262542e-01
8.975140286483099805e-01
8.946836943996125946e-01
8.890525053340994077e-01
8.916032536889024751e-01
8.877814291920288481e-01
8.959163410499644264e-01
8.920936846478056959e-01
8.913842662865111288e-01
8.843188384259554891e-01
8.874117086105759444e-01
8.979942491036554397e-01
8.940159505205816926e-01
8.970639754345219874e-01
8.884837697906864395e-01
8.918480519549659702e-01
8.920968140141003477e-01
8.970189675975418497e-01
8.953034467751866954e-01
8.902633380876462388e-01
8.907002164075515926e-01
8.933267150002488499e-01
8.955891924209966604e-01
8.913867084364470728e-01
8.865843947648740508e-01
8.931821208554430180e-01
8.966405512437130021e-01
8.859249509719342441e-01
9.009519182626890554e-01
8.846191578662332411e-01
8.931825076558622678e-01
8.927979568431794188e-01
8.921392845743822964e-01
9.011449831222114737e-01
8.923381086772574911e-01
8.986167009794968630e-01
9.040893744699962653e-01
8.869989835222341634e-01
8.948512162984811891e-01
8.893671338034196960e-01
8.926573238637561802e-01
8.952031067630044081e-01
8.986957888652807869e-01
9.012267056710447921e-01
8.984767403818533227e-01
8.921526917828920267e-01
8.998492103515713936e-01
8.979312112434998383e-01
8.951934620746885285e-01
8.907306689270934053e-01
8.939896544797631961e-01
8.981387567904390856e-01
8.977285012069025072e-01
9.007998863954485014e-01
9.028464138156598873e-01
8.985409750345073610e-01
9.120600401635006182e-01
8.983320238890073473e-01
9.021850584032156117e-01
9.033475222097711033e-01
9.016522005309157706e-01
9.000372406497760824e-01
8.956626716389982645e-01
9.016098054478550727e-01
8.997032107095621623e-01
8.975070075713389439e-01
9.054415163710429759e-01
9.100571877987407854e-01
8.963076509861558350e-01
8.981251967348042875e-01
8.958937486743655532e-01
8.981787755847120414e-01
8.997455027081626699e-01
9.072903025632940155e-01
9.126092055972738759e-01
9.083376950257325833e-01
9.038915136956239271e-01
9.027758849070744995e-01
9.077340901560234654e-01
9.043335795613667294e-01
9.131526717122855352e-01
9.036081642952848991e-01
9.046003006162518512e-01
9.103171290081629730e-01
9.052492036248129814e-01
9.148803521035387964e-01
9.145675176776848492e-01
9.077788631602601299e-01
9.178272983907731497e-01
9.115876072718034351e-01
9.087395873276196134e-01
9.121846944681165636e-01
9.040250817055974775e-01
9.152923332649736121e-01
9.131968890518439297e-01
9.122163372317561025e-01
9.121966650536958987e-01
9.110496602059309224e-01
9.174584106348342427e-01
9.137673913631132461e-01
9.151081620313370468e-01
9.155124948053217082e-01
9.188072776837883371e-01
9.067182915756375472e-01
9.153209508695953067e-01
9.177875166710786070e-01
9.188532752371648682e-01
9.172038419920747199e-01
9.037970286433985034e-01
9.154859961174000027e-01
9.149506723264685393e-01
9.190250417554847173e-01
9.174914198211173710e-01
9.138758809600298072e-01
9.245590356909216823e-01
9.201988884212588538e-01
9.254109437490329881e-01
9.199040961755704515e-01
9.093467389701375136e-01
9.195937719711697600e-01
9.154005621971331719e-01
9.208113126066027609e-01
9.142712960961300039e-01
9.166959087825218289e-01
9.180819763528403898e-01
9.240116196959267114e-01
9.204663207220142862e-01
9.283538284791825745e-01
9.183620869236491790e-01
9.132088760807514083e-01
9.175651038554161198e-01
9.165918785064213203e-01
9.121145122257990900e-01
9.117215586781997061e-01
9.169212831398289021e-01
9.187951700263703447e-01
9.137801529237978837e-01
9.117728493771621867e-01
9.242886937732723851e-01
9.221372149337625501e-01
9.139323062150417343e-01
9.267298816633876557e-01
9.201480121076508478e-01
9.075148656880205333e-01
9.110078104729973925e-01
9.153418893725882022e-01
9.188306373931188764e-01
9.139327754344204191e-01
9.101025536511784253e-01
9.166084155333904526e-01
9.132403500907509963e-01
9.161520123591523346e-01
9.154692603048649735e-01
9.175294646959810674e-01
9.159552976908205135e-01
9.271280215352947218e-01
9.169587672035615089e-01
9.076577942063582816e-01
9.185865850914065600e-01
9.124029163272383558e-01
9.264551203740999386e-01
9.254130084568349401e-01
9.173671263497864548e-01
9.159963314650154675e-01
9.100435645299191911e-01
9.138094759088072339e-01
9.139564632542447331e-01
9.131932605059696062e-01
9.127130622066627064e-01
9.084605876815797787e-01
9.150904744466303864e-01
9.120177655196763933e-01
9.155418112465342206e-01
9.089709175277170816e-01
9.111312431237634790e-01
9.163254664660697157e-01
9.160312064075731842e-01
9.109335519731818209e-01
9.040840646104467693e-01
9.093442078529692107e-01
9.233153786964285459e-01
9.110832941583034694e-01
9.174928623228529867e-01
9.040736698437743524e-01
9.155438863182664422e-01
9.129872314780087539e-01
9.026037346232558267e-01
9.003860540706054572e-01
9.132886069986609900e-01
9.066028680795463757e-01
9.075987339211551985e-01
9.077789164556910873e-01
9.076076238110215577e-01
9.060396707141559203e-01
9.049671971675358195e-01
9.063351881659099663e-01
9.037729535939742487e-01
9.118858611894214983e-01
9.032624250206288119e-01
8.972898134009016369e-01
9.097163398908237886e-01
9.098457698460291621e-01
9.004437270410171612e-01
9.016583663916449831e-01
9.060770692777061486e-01
8.959262570275846604e-01
9.054290544714156397e-01
9.057961152173792385e-01
9.043442709613035424e-01
8.961357151278324107e-01
9.064105959283087488e-01
9.062716362105813772e-01
9.008790631120839887e-01
9.003555686720271511e-01
9.036659263306816570e-01
9.032303511002240937e-01
9.024214891333258715e-01
9.033469649304870508e-01
8.965506003268566282e-01
8.988766249470829806e-01
9.014254824032937874e-01
8.976274556113555958e-01
9.004869023222291657e-01
8.998936555109601221e-01
9.041214975122682240e-01
9.002911619970082047e-01
8.941587931815607737e-01
8.970015278665054437e-01
8.967553927082451137e-01
8.951890904911190550e-01
8.967404398861669179e-01
8.992320898918987337e-01
8.948602055377387066e-01
8.939677282057446606e-01
8.944494895478406482e-01
8.968657881660728748e-01
8.970736480226492171e-01
8.969501953618123080e-01
8.972423004264326041e-01
8.954779542243948010e-01
8.998761458742128294e-01
8.901907126933926717e-01
8.951347513797379696e-01
8.957881380938842453e-01
8.929162878155392224e-01
8.899915723535852807e-01
8.857943354119385271e-01
8.980508682071678406e-01
8.914392267526548563e-01
8.916269647168207912e-01
8.910591684131803358e-01
8.888598832970938668e-01
8.893292017047149667e-01
8.938242843935798598e-01
8.864210437658998076e-01
8.947291153180848555e-01
8.939248076171881774e-01
8.876540780826888133e-01
8.928692566416888132e-01
8.913433814010167655e-01
8.847950269463977779e-01
8.943220673868238491e-01
8.870079724814021738e-01
8.946015202080768169e-01
8.883010655084345730e-01
8.897962704584270188e-01
8.935763591166582254e-01
8.902912318736165842e-01
8.833691570406968507e-01
8.913819865079951610e-01
8.928126727370203630e-01
8.912095379167896958e-01
8.839220354381885913e-01
8.843459842705674312e-01
8.915409733027496175e-01
8.860034725095299324e-01
8.871473502596162186e-01
8.884965142080719636e-01
8.872286561880844413e-01
8.869372184504704659e-01
8.918068187960590532e-01
8.900827682166980725e-01
8.830943514434200781e-01
8.836000308468766606e-01
8.840955666797420953e-01
8.850707683569357664e-01
8.820591132660232647e-01
8.829073762704505723e-01
8.919404448511009109e-01
8.832998114026916481e-01
8.858911395018118640e-01
8.795680948743640482e-01
8.846778287691114961e-01
8.892412325469947199e-01
8.912236326763561811e-01
8.849522837552815657e-01
8.883961165921588909e-01
8.801159016643724797e-01
8.816601415192235613e-01
8.843814412262587243e-01
8.784005592556906050e-01
8.832348845830387818e-01
8.854467307516509234e-01
8.881709305898107809e-01
8.761858381033252874e-01
8.845077706139258256e-01
8.886464386857365616e-01
8.829589383746303533e-01
8.759688598882279242e-01
8.854727832776778662e-01
8.831523030398739094e-01
8.834426127115428962e-01
8.854155761415328785e-01
8.844391012906677174e-01
8.851972326705047633e-01
8.860206420415822626e-01
8.770611983264612332e-01
8.840505191417937780e-01
8.840291384347399584e-01
8.808234341309646442e-01
8.907829336178492152e-01
8.800144123334860957e-01
8.880263055024425478e-01
8.869982077646593188e-01
8.865263875760737156e-01
8.931670038213830320e-01
8.863245318188590627e-01
8.816492217671715315e-01
8.825701955469030802e-01
8.862842678201878766e-01
8.913787917805268135e-01
8.868226291961728291e-01
8.893566558591636806e-01
8.871231094280130902e-01
8.834475941783047626e-01
8.884034265295333022e-01
8.924435012212025287e-01
8.834794510444862192e-01
8.936403815725384447e-01
8.897214944887460453e-01
8.846336786004543873e-01
8.925296372236394271e-01
8.905847392286428965e-01
8.937701823904382614e-01
8.914924485377809793e-01
8.911363858826254480e-01
8.880002499564172425e-01
8.928271735513589880e-01
8.901204092912980981e-01
8.983837667035790009e-01
8.953969996324649960e-01
8.929552319972841046e-01
8.956572884427659309e-01
8.913832995524340053e-01
8.926368408633531537e-01
8.891759826324125982e-01
8.933746565668032602e-01
8.886638374510045235e-01
8.878928740702854983e-01
8.977845239556287993e-01
8.926059051734045457e-01
8.927219857594138608e-01
8.975024078231307323e-01
8.964999128120207939e-01
8.933438608664067138e-01
8.974331733905440700e-01
8.899294012708883761e-01
8.959023250516652270e-01
8.966737257087996626e-01
9.001514480978698440e-01
8.912770573763956206e-01
8.980421522697431547e-01
8.983535969036018365e-01
8.960681385317335046e-01
9.025920635305711981e-01
8.989774970096280349e-01
8.989400950689985237e-01
8.990775915824631426e-01
8.993327000760280576e-01
8.944754982614209204e-01
9.028751027256798345e-01
9.058809850747480130e-01
8.997674543665417080e-01
9.049806905091267728e-01
8.991193124704752737e-01
9.027545874533067227e-01
9.034161576190604670e-01
9.056175375600415967e-01
9.034692881826101862e-01
9.030995041467948514e-01
9.109969432163842473e-01
9.089196759441272588e-01
9.080978283156644348e-01
9.005926166922684217e-01
9.109528853098383117e-01
9.042806139457852943e-01
9.042244862819079909e-01
9.157161368143514890e-01
8.998626377610403626e-01
9.022021789105313383e-01
9.044259039812799772e-01
8.998501411211188294e-01
9.092352313289961963e-01
9.142561430448651327e-01
9.119192200801411463e-01
9.079193978040676072e-01
9.120397721382068612e-01
9.071816839764923479e-01
9.098356342697376808e-01
9.136756462490968067e-01
9.045283950114809679e-01
9.146032087400388644e-01
9.082303099067291496e-01
9.111472071139667950e-01
9.062260706654711173e-01
9.063902974009302449e-01
9.111856105111667548e-01
9.094504792617946753e-01
9.135686777718572404e-01
9.150635753818255891e-01
9.117086149591746569e-01
9.110395006798837070e-01
9.080043521928821137e-01
9.057564356926325333e-01
9.068723497628576879e-01
9.047281179500866743e-01
9.110168824128219711e-01
9.111396138812803969e-01
9.122035909891589300e-01
9.153180618118781364e-01
9.107449118166230928e-01
9.142566834779932705e-01
9.165056736374708191e-01
9.114685897512437851e-01
9.145631215721398144e-01
9.130675565925072679e-01
9.093768423024851666e-01
9.085513791270191097e-01
9.175734467587890464e-01
9.111919915852617624e-01
9.069026247963322129e-01
9.161275907584970346e-01
9.089448421364699771e-01
9.154205818434476560e-01
9.132001066755450758e-01
9.129958329496146163e-01
9.096569601848153441e-01
9.171436759820141837e-01
9.092487918697150784e-01
9.104622508941322412e-01
9.115634999022460550e-01
9.140936131979997548e-01
9.119122506560098929e-01
9.128982381686783221e-01
9.137454335868794297e-01
9.136215040461908021e-01
9.069477076223880774e-01
9.088063171576211685e-01
9.130696788500897165e-01
9.081001242237454196e-01
9.143514880557132019e-01
9.114052237014413915e-01
9.090691986479565445e-01
9.082361190827499264e-01
9.041937905804967590e-01
9.069379061111979556e-01
9.172193986361654172e-01
9.114321790493502551e-01
9.040447641310926929e-01
9.085742571659487510e-01
9.135967035227150479e-01
9.123077279552433971e-01
9.090771409436724237e-01
9.090118098210859809e-01
9.048323317277824351e-01
9.109966671044977815e-01
9.187176816174842386e-01
9.064465184776465678e-01
9.107271756639651050e-01
9.103133890517206561e-01
9.045056137645232086e-01
9.041537177473333298e-01
9.075914949257267716e-01
9.093959283092760693e-01
9.110787723506573732e-01
9.046733142243115200e-01
9.110269190876459922e-01
9.067920049372589775e-01
9.037117625051027670e-01
9.069155041293655017e-01
9.059340278268200874e-01
9.033115252717579535e-01
9.057511308345235213e-01
9.066321540909400012e-01
9.094277503710370691e-01
9.065529334409498929e-01
9.039656026281849277e-01
9.016550590891077022e-01
9.121000741006072277e-01
9.062122707882238615e-01
8.994109823043988650e-01
9.036920570367514838e-01
9.081530536951842869e-01
9.016246511645706896e-01
9.087388860129993473e-01
9.032042391105807866e-01
8.947991376372605998e-01
9.119295070087487520e-01
9.011853242866788571e-01
9.022661277610174446e-01
9.041907989990369821e-01
8.992475523349059419e-01
8.997830060020798326e-01
9.007269299774793847e-01
9.048855263853271547e-01
9.030333495473360506e-01
9.001276828206027369e-01
9.054601073587614790e-01
8.919801740402482082e-01
9.033202122230646891e-01
8.964257112741543798e-01
8.991592915577678591e-01
9.051068664300123690e-01
9.039447872201986645e-01
9.067496284645553128e-01
8.988631296539730808e-01
9.022920349652842065e-01
9.011839363557757610e-01
8.968835417332745585e-01
8.965165416619947925e-01
8.970033562492187862e-01
9.009223285134709824e-01
8.972420446292838081e-01
9.014813720097127892e-01
8.994406808322711333e-01
8.958989533049327436e-01
9.014220821997770416e-01
8.899356493578262084e-01
8.938601195341958627e-01
8.936283996713013655e-01
8.968987046700148680e-01
8.964689624397463863e-01
9.007607644259589819e-01
8.977772567419715077e-01
8.900509928143209848e-01
8.944886695461822246e-01
8.921689065326687818e-01
8.897573884747529416e-01
8.922910172418402341e-01
8.931378985388577219e-01
8.955317799802536838e-01
8.981770159254436336e-01
8.919672363718644803e-01
8.940782872284065430e-01
8.877791474122743720e-01
8.934089430487163197e-01
8.912073491894156874e-01
8.953277481212530420e-01
8.946857077786625201e-01
8.903507198062692307e-01
8.998119007467488828e-01
8.940180483448919579e-01
8.876773371233620535e-01
8.951489716479368308e-01
8.863792549988539493e-01
8.924404606301356013e-01
8.926264002118463603e-01
8.941882059975724273e-01
8.901206386853728336e-01
8.911727450621009794e-01
8.840122636970427772e-01
8.925143991089825590e-01
8.944182443185765274e-01
8.890241838705377209e-01
8.920384655936330898e-01
8.827407611915155661e-01
8.817808789356360588e-01
8.913367495212763947e-01
8.958272719627632386e-01
8.843311454065928556e-01
8.843062929154392737e-01
8.871383669095114222e-01
8.843655678599472436e-01
8.869680434794001700e-01
8.841849721396142225e-01
8.909415690093914764e-01
8.892562068835797584e-01
8.829126805051454863e-01
8.870951761306272720e-01
8.830980030616921717e-01
8.832252593589391410e-01
8.833145063854896950e-01
8.889383243062952689e-01
8.788422901261108144e-01
8.864521345903655369e-01
8.836722336096956010e-01
8.867640550409499056e-01
8.808460979192793694e-01
8.820823440389758963e-01
8.865719543989379892e-01
8.876423594576500209e-01
8.892907929294331382e-01
8.874893431788557496e-01
8.888024183622180718e-01
8.766763553329530723e-01
8.852319505969253877e-01
8.854282345960530209e-01
8.904673074833475699e-01
8.863378848170917479e-01
8.858952044440276952e-01
8.821475738437721814e-01
8.841784017674783058e-01
8.856040443359848302e-01
8.870954628187569524e-01
8.828657783474385123e-01
8.852431987919126000e-01
8.839160531162685297e-01
8.859033822224003929e-01
8.803917324102070729e-01
8.896099160721010479e-01
8.822422556454451170e-01
8.849795849593428132e-01
8.791238880611912387e-01
8.893144982901454165e-01
8.858135933210922186e-01
8.807938447037505503e-01
8.837828907858940042e-01
8.879696767523205247e-01
8.846075923445563260e-01
8.883695769338020298e-01
8.864969139111632535e-01
8.871300704059821296e-01
8.858633278814752599e-01
8.791642992660727574e-01
8.858886636353575650e-01
8.886388342753206437e-01
8.861489207194147566e-01
8.874731676245187773e-01
8.810723488304351703e-01
8.856540721587757847e-01
8.867976374935011563e-01
8.898826942573666576e-01
8.886562319990537473e-01
8.885884194441795447e-01
8.893363179576337929e-01
8.876109922755295312e-01
8.902077754538225696e-01
8.921913334083594327e-01
8.901015543537746932e-01
8.909680726469522138e-01
8.892175215739090977e-01
8.906428421442839083e-01
8.881198278560835657e-01
8.924386507907918764e-01
8.890610212027227899e-01
8.889795162800869788e-01
8.927107311959479041e-01
8.944808887925439489e-01
8.905999758159917068e-01
9.005471409138215977e-01
8.888104281453899080e-01
8.935194355205245964e-01
8.941070832820641190e-01
8.871218901677481172e-01
8.953452222491894430e-01
8.938838309214643951e-01
9.018250836291799022e-01
8.977792497877499223e-01
8.904766978555388457e-01
8.989062940992841311e-01
8.959022226780243292e-01
8.987818569993797357e-01
9.029464951406116491e-01
8.935137767374562445e-01
9.016430280893842353e-01
9.036554279169539683e-01
8.987006945714823836e-01
9.056291948538355285e-01
9.021164074563811086e-01
8.998834888485606198e-01
9.049566891012339465e-01
8.993039496126564725e-01
9.039673736763252920e-01
9.056796433259474144e-01
9.015467018007824462e-01
9.064508184349960862e-01
9.015344316239870537e-01
9.059935939629876200e-01
9.067843832788171632e-01
9.046134191670468505e-01
9.019873236185815824e-01
9.082985160615966169e-01
9.023596486855449683e-01
9.087777175070690383e-01
9.046964388347070729e-01
9.085658065480309853e-01
9.132232712805838926e-01
9.101202755572017633e-01
9.056419046764953018e-01
9.086334419697285059e-01
9.036997966354001210e-01
9.147501288345919468e-01
9.073585743143083304e-01
9.096499765967770434e-01
9.168714710559799919e-01
9.134284841018827095e-01
9.175942281695204095e-01
9.177509634930528515e-01
9.170232872926410428e-01
9.193231492073788980e-01
9.127643358240545846e-01
9.193008197521108649e-01
9.146362013164875959e-01
9.095086645935070990e-01
9.128970451695140875e-01
9.175757057220153001e-01
9.178607752350689264e-01
9.162046118973183884e-01
9.197338998992053982e-01
9.220532033920177950e-01
9.218477254121657527e-01
9.205055374453441353e-01
9.224009384041883530e-01
9.219269630028811280e-01
9.212633182482664607e-01
9.182038928416881296e-01
9.307678911438393987e-01
9.242535089489816169e-01
9.265144600360079030e-01
9.191501597459402761e-01
9.228191103615692725e-01
9.288220986954623948e-01
9.311599516428351597e-01
9.253425671204532632e-01
9.214542201312823089e-01
9.254914680451046261e-01
9.318624695021546778e-01
9.270072849292532169e-01
9.238742407877423846e-01
9.219920649538171364e-01
9.248514071770815859e-01
9.269488035564261708e-01
9.292169165903563233e-01
9.281642177303573993e-01
9.275639562161811513e-01
9.323109370317399502e-01
9.277237125205213264e-01
9.245550449190617082e-01
9.271065117975738623e-01
9.313156910767120822e-01
9.271244054367114851e-01
9.295056708797861944e-01
9.305061070520487254e-01
9.343937897102022605e-01
9.286560089747153413e-01
9.319464612144832127e-01
9.290065210933631246e-01
9.270234035612781032e-01
9.327726446648735292e-01
9.319380587143666350e-01
9.338046036967764252e-01
9.403886924248681112e-01
9.342842510432003422e-01
9.309834080262806566e-01
9.357411371351651574e-01
9.366111026669291517e-01
9.282395446872957478e-01
9.349422412147530004e-01
9.370105684227432175e-01
9.333993677762771890e-01
9.310280025949809746e-01
9.390735653766448809e-01
9.378298808169610590e-01
9.317207849413309262e-01
9.388899119096544288e-01
9.338323857178396636e-01
9.382239330612410777e-01
9.394252103681921540e-01
9.419438502705484995e-01
9.413916882666836239e-01
9.381955802723039861e-01
9.420560205389683084e-01
9.375116260126734602e-01
9.413245428007126492e-01
9.357638746402525687e-01
9.360404315795708419e-01
9.388192410815310307e-01
9.367944145885496177e-01
9.379524536246355293e-01
9.402729185627892727e-01
9.336131237785433301e-01
9.349859486387012142e-01
9.444186776543016526e-01
9.412015738076237037e-01
9.404043394213377205e-01
9.400484183694781670e-01
9.350829420920304669e-01
9.408239379772919131e-01
9.353548423408725165e-01
9.370258909053523766e-01
9.359776217657073127e-01
9.390101366681348205e-01
9.392486848273667865e-01
9.394886267076042463e-01
9.391001291957755681e-01
9.360459591043602812e-01
9.351972693523002977e-01
9.401524773869583962e-01
9.331002531501082498e-01
9.338830619548876832e-01
9.390211855359517079e-01
9.353156445146345588e-01
9.303764110078330818e-01
9.405809507141630332e-01
9.384491084807761174e-01
9.410350256768048594e-01
9.354902718861580757e-01
9.371509309758667694e-01
9.365539887724527723e-01
9.383773005169563364e-01
9.322064006372274836e-01
9.345711762530398703e-01
9.402332086456132165e-01
9.426336111651958394e-01
9.414437772927960468e-01
9.376239993955045593e-01
9.387763698537501256e-01
9.357056073252346673e-01
9.350839321404190718e-01
9.379745383450539542e-01
9.341188607005155298e-01
9.399634375684835508e-01
9.452647649196715962e-01
9.404984048809337249e-01
9.378328287535599994e-01
9.402762318203978786e-01
9.371598227791350100e-01
9.406422105740283035e-01
9.362591237790732768e-01
9.351293926417618696e-01
9.389849818495598077e-01
9.372266121196666244e-01
9.385749305196287029e-01
9.342723263742079842e-01
9.328301053294899559e-01
9.410590414695805261e-01
9.308085537736163761e-01
9.406419566346769789e-01
9.384593575841051472e-01
9.401427030400469897e-01
9.413417972971596104e-01
9.346587854818083629e-01
9.379979368139748086e-01
9.347271792847597904e-01
9.356174090845428282e-01
9.389826544119488361e-01
9.337983894972944343e-01
9.428564059523650842e-01
9.395626667667016374e-01
9.388305123004848651e-01
9.362580075829149973e-01
9.376106551700990055e-01
9.366008528451861270e-01
9.403332747241459622e-01
9.337709918134733389e-01
9.397942414042724790e-01
9.290002090597319073e-01
9.389104651573383364e-01
9.394509328102517154e-01
9.319868681018124157e-01
9.363423424852942434e-01
9.332014814718821993e-01
9.324307751670346534e-01
9.331214701088486052e-01
9.310102402440030289e-01
9.347272590711307449e-01
9.363870125762132623e-01
9.319933933232203982e-01
9.375988454407312434e-01
9.321146600168108698e-01
9.388768978463144510e-01
9.358153183594704050e-01
9.328928389551027767e-01
9.366014022530733119e-01
9.364432115966089265e-01
9.365339895637843082e-01
9.399756459135805153e-01
9.393997494655176306e-01
9.372766520761938169e-01
9.358592226413413595e-01
9.356605458003399711e-01
9.398255962283869058e-01
9.413334512390401088e-01
9.450640793706297504e-01
9.284177830638800089e-01
9.400417404690643020e-01
9.365681232343993079e-01
9.379067186686868007e-01
9.388878143558834211e-01
9.390372364152033136e-01
9.435604038035749763e-01
9.379654818910621028e-01
9.366508011168059866e-01
9.353497550240816860e-01
9.400363339980059019e-01
9.392262636636565798e-01
9.379985230181482336e-01
9.339631949696359792e-01
9.378182464691041664e-01
9.385873413121436082e-01
9.327506836008707669e-01
9.353074668474377074e-01
9.403372856047410577e-01
9.414133320015363182e-01
9.440315263181383587e-01
9.356116773144638188e-01
9.369442626606594438e-01
9.472226385634114898e-01
9.369952087948835162e-01
9.375165979729738197e-01
9.425669900550157632e-01
9.398840465772601016e-01
9.381344431309854848e-01
9.375420575156776515e-01
9.467644177034316710e-01
9.385995434170990581e-01
9.449086651949577531e-01
9.435806424206490961e-01
9.450682395834391070e-01
9.402121614752153578e-01
9.452594886724249301e-01
9.429138904054851222e-01
9.424813964809788391e-01
9.428895494631625018e-01
9.495087672918521848e-01
9.460001776873467882e-01
9.417569052157137577e-01
9.362609445263337937e-01
9.432672270589687047e-01
9.447035763462505731e-01
9.502784330909403998e-01
9.418104156882005640e-01
9.462176349600649461e-01
9.437313854362572307e-01
9.478894178587220498e-01
9.428381441907135452e-01
9.397010236733388533e-01
9.437870801452667990e-01
9.512190893859160390e-01
9.481288416844151357e-01
9.466706402604306847e-01
9.502506412624475152e-01
9.446876106348323088e-01
9.551982729362312741e-01
9.428971379668587005e-01
9.543032216268014789e-01
9.495955204763515400e-01
9.509940531936456054e-01
9.560876159944323716e-01
9.546073490012798590e-01
9.488100478247081249e-01
9.557933333157931921e-01
9.488908958201438537e-01
9.517282811994651759e-01
9.537784207798590819e-01
9.581339772136949762e-01
9.523570651404957843e-01
9.567283466033111861e-01
9.597024097105418816e-01
9.526761588620888954e-01
9.562060720753073895e-01
9.507298703251247929e-01
9.592846614796877169e-01
9.543178796613008830e-01
9.541239812535080578e-01
9.623851569410543094e-01
9.616362314681785595e-01
9.643690682183018170e-01
9.595047380344179366e-01
9.593777992300458468e-01
9.656865754984435002e-01
9.580812346848437411e-01
9.592867024899525141e-01
9.650442842771314034e-01
9.624379698806726502e-01
9.595173046647444970e-01
9.622010097724226219e-01
9.623827947751462109e-01
9.634522802986930090e-01
9.616419722514114587e-01
9.603999633520128310e-01
9.641364520136241900e-01
9.661585985237239882e-01
9.678468121017141934e-01
9.664676742576967516e-01
9.713523366197642783e-01
9.650062187073497055e-01
9.673674871382885732e-01
9.670100417837506068e-01
9.709278136741322784e-01
9.695768588268119936e-01
9.701035807332456518e-01
9.722023757738142979e-01
9.747865723070676669e-01
9.709002979214209628e-01
9.744293917514492698e-01
9.673111696788130320e-01
9.704413008483654401e-01
9.671661212100169935e-01
9.696735286070082838e-01
9.758050939819997716e-01
9.723510687860774659e-01
9.737508954840715658e-01
9.755774071532845593e-01
9.741326042720320766e-01
9.738086769241505181e-01
9.746716608913225111e-01
9.782898256107797064e-01
9.848251596695867249e-01
9.791280109702645840e-01
9.783628350223896319e-01
9.729721531969763859e-01
9.815063295846336855e-01
9.767372581226243522e-01
9.815924499008445991e-01
9.797396694818264473e-01
9.834588010989525619e-01
9.856994603353442796e-01
9.841542742767876994e-01
9.828774037337884018e-01
9.734091786141912950e-01
9.842724965138153204e-01
9.795332318155709483e-01
9.829040364350198900e-01
9.843159200690642097e-01
9.845654801828871427e-01
9.831110627903029142e-01
9.883568394217863151e-01
9.858721869390173476e-01
9.898180507339849887e-01
9.784086517027956731e-01
9.853166826886011753e-01
9.873279226478681725e-01
9.847572061626514994e-01
9.895621331320035852e-01
9.808750473401363079e-01
9.857589875823012937e-01
9.909319877481981287e-01
9.828149984831345831e-01
9.830021953324521444e-01
9.889408861979216425e-01
9.923292936401295616e-01
9.897312666059024933e-01
9.875476717312302588e-01
9.866589777821416218e-01
9.868304050941395511e-01
9.893682669802846830e-01
9.870997443546173367e-01
9.905381622244510131e-01
9.875926581863286868e-01
9.895049970902322078e-01
9.933309294314269788e-01
9.901719167903622054e-01
9.937228679869859471e-01
9.895862945151078227e-01
9.918705089812901443e-01
9.926364388591946142e-01
9.921233070655384179e-01
9.951583233241552140e-01
9.873300457961068366e-01
9.920805135427808175e-01
9.937843385722775480e-01
9.909300442682400512e-01
9.948747218063490605e-01
9.985841260201597791e-01
9.959387343009804550e-01
9.908399267217667949e-01
9.922911301785460880e-01
9.894641026682619023e-01
9.977838437602595256e-01
9.926823784010193608e-01
9.962892279262207662e-01
9.976613165344315748e-01
9.948001058071079816e-01
9.959057094814127709e-01
9.994881019464708638e-01
9.924474692087045247e-01
1.002828900743676144e+00
9.936609169756078774e-01
9.981999716204416062e-01
9.961559898298434357e-01
9.907393918432457758e-01
9.933336878991438912e-01
9.944172527104057080e-01
1.001267902550434963e+00
1.005442119662081746e+00
9.922517500792449319e-01
9.959813533841417321e-01
9.981210550932407832e-01
9.916213100255377721e-01
9.956044333882776431e-01
9.953155948552375731e-01
9.950729990511291145e-01
9.934664205316060537e-01
9.909335022301308804e-01
9.916162981161369405e-01
9.917767158832825336e-01
9.938145680267446158e-01
9.897084665095446931e-01
9.918284680537929887e-01
9.927098035099012341e-01
9.959985500648561585e-01
9.935368036583571705e-01
9.908990238615652535e-01
9.838227158676776662e-01
9.968937582226633509e-01
9.894128553795369374e-01
9.944096905120701768e-01
9.898181099558402973e-01
