9.565284591548142146e-01
9.169371768215044405e-01
8.870470257502819367e-01
9.794985611440594209e-01
9.200949033744358907e-01
9.799605640503925574e-01
9.059360364923307873e-01
9.516489626146507064e-01
8.820999332039957119e-01
9.408222171247537791e-01
9.814464872816937024e-01
9.951226964932146091e-01
8.722043353304119728e-01
9.666116385041574333e-01
9.121752615873498504e-01
9.407159548722563436e-01
9.169358595517255184e-01
9.881763034900473697e-01
9.880558976247675318e-01
9.025620387310095971e-01
9.533809621662899803e-01
9.278064756391223300e-01
9.304453597682583732e-01
9.633976493535136854e-01
9.403883768847370872e-01
9.647070452758078618e-01
9.532526665775369334e-01
9.201605516220960901e-01
9.290847325469937523e-01
9.355602327900691684e-01
9.281913243540670377e-01
9.243901625382522358e-01
9.474535624806426082e-01
9.128291089389625190e-01
9.181471566435939202e-01
9.585782431666038939e-01
9.611374821442714156e-01
9.462152334233752127e-01
9.825740086826587616e-01
9.589610163871629123e-01
9.589868243513381962e-01
9.415403502274845016e-01
9.590848382461278909e-01
9.086780962024475494e-01
9.348252444649968185e-01
9.721170989262708506e-01
9.242181568955090132e-01
9.270467365719919917e-01
9.798208615164608615e-01
9.306200117313180309e-01
9.804167198784584647e-01
9.315475074379976350e-01
9.172165070837905443e-01
9.286971447525845802e-01
9.524044636283395260e-01
9.319735022944835023e-01
9.469235283030132955e-01
9.108966681349471850e-01
9.467332476522516416e-01
9.157174628004923767e-01
9.561654221816417998e-01
9.427875295714108761e-01
9.642587743844233117e-01
9.447434245862053048e-01
9.554423255068477117e-01
9.405041171483773388e-01
9.486062212053911757e-01
9.559635416437399780e-01
9.478323321832299309e-01
9.683226947914628235e-01
9.417152045923892212e-01
9.411979996132713300e-01
9.592789320844896661e-01
9.464954387108397427e-01
9.509509130806323984e-01
9.296308388150392732e-01
9.439957758274467592e-01
9.282795316634820937e-01
9.281439552422301453e-01
9.272330914913914368e-01
9.583920587001762970e-01
9.724026425931431294e-01
9.520376666155483392e-01
9.565444241011118454e-01
9.427167735520863845e-01
9.410997638448859171e-01
9.507932475298244146e-01
9.695791757339460304e-01
9.570496901583230853e-01
9.617220639741557164e-01
9.628726179361192239e-01
9.429464630806667635e-01
9.367999969234681590e-01
9.710949698804134389e-01
9.543332693037641645e-01
9.494998903751209474e-01
9.823866874965249130e-01
9.745624540295283467e-01
9.513390217409717353e-01
9.473466121691911379e-01
9.553160429551583732e-01
9.534813411668997540e-01
9.300588107642702163e-01
9.461144743798763912e-01
9.817220901446481740e-01
9.601945761943163626e-01
9.413403250552936363e-01
9.394067766736071690e-01
9.310240279117416584e-01
9.525875967369957786e-01
9.572142961461326260e-01
9.503380140184590763e-01
9.704864112731781400e-01
9.452113724741143530e-01
9.530763746719161933e-01
9.361915425832239013e-01
9.453076935668769387e-01
9.632871125497667331e-01
9.492425172251554022e-01
9.723045095553949357e-01
9.429840692138220515e-01
9.629846765429977973e-01
9.600609686285116462e-01
9.525152707138323516e-01
9.607980079491693637e-01
9.471174235614148174e-01
9.426051975350838719e-01
9.575013237025558066e-01
9.628622945994262938e-01
9.595429496141214543e-01
9.479958740099820869e-01
9.586729094505919146e-01
9.539950411860227408e-01
9.620525866300089213e-01
9.486662287272102922e-01
9.656822681505446981e-01
9.543278696500707703e-01
9.584635645970995821e-01
9.604351197522128514e-01
9.608960353338619198e-01
9.719712824739037416e-01
9.464673808643039310e-01
9.707678931844895276e-01
9.464488895944195290e-01
9.683388580587078964e-01
9.701657712826676772e-01
9.647959033213470148e-01
9.659673589269822669e-01
9.597922509289327220e-01
9.686757739549151092e-01
9.496035906874514820e-01
9.656736223992294921e-01
9.538705603189195914e-01
9.529046943500635303e-01
9.756264675685607513e-01
9.582690662567311390e-01
9.665641681414486319e-01
9.639084356498970330e-01
9.655959962632191251e-01
9.524608585371534542e-01
9.481203052191798930e-01
9.583691197372219417e-01
9.644937356979315091e-01
9.752241693370680142e-01
9.760607927478341939e-01
9.679045133445923765e-01
9.677173674756278654e-01
9.636615616435521003e-01
9.943382764163483101e-01
9.665922368580722734e-01
9.640546252765819224e-01
9.738173300171566460e-01
9.643769933018232487e-01
9.704702105708654658e-01
9.520340365315272946e-01
9.746887011360088060e-01
9.525017228280273640e-01
9.861463887777400794e-01
9.551325649045488975e-01
9.762186376736895488e-01
9.781529065922606181e-01
9.800718427126465793e-01
9.715005042831785786e-01
9.732656517758158099e-01
9.790279959246769304e-01
9.822789764621686626e-01
9.634437585816698624e-01
9.763813609895923840e-01
9.863697344037567483e-01
9.736752803914467957e-01
9.740325927171885612e-01
9.688325288460655216e-01
9.764396084289136413e-01
9.715263888701183292e-01
9.676876631500473946e-01
9.914132191983671127e-01
9.587965502140478602e-01
9.788114870502890863e-01
9.706081159903365840e-01
9.736896618076960053e-01
9.675147514100977952e-01
9.852431374160640631e-01
9.851586161417974497e-01
9.773166229554804962e-01
9.914822665433163928e-01
9.918464889563392006e-01
9.764441540789592366e-01
9.681323940046320242e-01
9.754662479164468714e-01
9.718523785197590303e-01
9.900537892355174563e-01
9.799462811728929523e-01
9.862856090445055735e-01
9.758064942962474397e-01
9.887013226507962438e-01
9.879039468552690550e-01
9.763069742079585334e-01
9.750730514058262299e-01
9.677460635808258216e-01
9.830740035524351272e-01
9.896376348976382298e-01
9.900481893864243599e-01
1.007473627826783291e+00
9.825254358131051413e-01
9.890084805737467955e-01
9.766249341327203348e-01
9.983590104223288852e-01
9.737705046225225702e-01
9.831534225967851759e-01
9.926408933235206788e-01
9.858889781148688636e-01
9.830102156779998435e-01
9.942425057253466703e-01
9.781183630322416445e-01
9.898894613827317057e-01
9.834090890291470322e-01
9.884963912002809883e-01
9.966954260910548813e-01
9.876537574524197893e-01
9.947501610439646313e-01
9.997983805717705064e-01
9.880910366355544205e-01
9.940054267058586746e-01
9.997055002588631778e-01
9.890435184733721297e-01
9.854585029107443273e-01
9.758238001827584940e-01
9.958915624580173542e-01
1.000365118974034795e+00
9.879129659651941786e-01
9.863312505346506498e-01
9.833616192198504358e-01
9.850317869033178297e-01
9.963496939955031051e-01
9.961233619507838810e-01
9.955447224777874693e-01
9.989351016630461100e-01
9.992807625736268573e-01
9.876547109851429029e-01
9.875641750178481004e-01
1.009302274235617025e+00
9.855979956590814606e-01
9.923437650823592193e-01
9.875526514322754412e-01
9.938441432380900054e-01
9.868271118905913575e-01
1.001333115771137816e+00
9.964210787010951975e-01
9.988249844458461091e-01
9.978087174849277208e-01
1.002948914072476549e+00
1.002987630008623565e+00
1.000580283038401630e+00
1.000087106200379106e+00
9.929689742165090927e-01
9.911715510925439565e-01
9.984639032001545456e-01
9.903840410960084162e-01
1.010673752974423634e+00
9.934445528455311258e-01
1.007606886483779496e+00
1.010478208123339217e+00
9.989894352892617624e-01
1.006016170252060693e+00
9.989451222695099331e-01
1.003905650611833122e+00
9.969507561643331517e-01
9.807231245063361413e-01
1.013297788875413996e+00
1.009768135433501746e+00
9.968679419777550788e-01
1.014482127577038817e+00
9.962971645534350884e-01
1.008855069524296821e+00
1.004027358938887282e+00
1.005079157695728753e+00
9.868795121512788926e-01
1.017482121385805405e+00
1.003980869436069234e+00
1.003068102922724636e+00
1.005703693298195311e+00
9.992519276347446855e-01
1.003788966712724662e+00
1.001307959015192317e+00
9.931888541380913260e-01
9.973167456289436794e-01
9.927615219552382575e-01
1.010848424909454257e+00
1.005024691466075648e+00
9.994523516722008116e-01
1.010187111805475713e+00
9.991426957662682407e-01
1.013302655742192027e+00
9.961265249373280062e-01
1.004830366739891900e+00
1.015698656545130030e+00
9.984839980348170219e-01
9.973420344605065102e-01
1.003327440303860785e+00
1.010675838885251032e+00
9.939031179615385181e-01
9.976419048304113746e-01
1.001494669161380857e+00
1.004771783873305013e+00
1.009789888546355208e+00
1.007006498477324374e+00
1.021258465281525973e+00
1.011616151545737807e+00
1.015037187970224686e+00
1.015473439286676216e+00
1.012308730804179380e+00
1.012637762754998283e+00
1.008279660881102657e+00
1.007115663546416240e+00
1.016170338547575325e+00
1.007298956973607940e+00
1.004965222035569816e+00
1.015805447407203577e+00
1.024638929470414350e+00
1.007176274098079416e+00
9.961339653713440212e-01
1.017934818003740416e+00
1.013109478023697108e+00
1.015288090940843047e+00
1.008169778578865916e+00
1.010929950550309764e+00
1.024922285883363982e+00
9.908737055026251017e-01
1.006732027361761483e+00
1.010199550125313372e+00
1.009486158419758306e+00
9.996806622904387263e-01
1.006067086275539646e+00
1.017222970240556412e+00
1.018382222690156214e+00
1.000104705774421454e+00
1.002259323267306712e+00
1.009241858421774163e+00
1.013276182869309094e+00
1.010528461501249309e+00
1.020119641384089393e+00
1.002803950971446589e+00
1.010343530125281886e+00
1.001599878262899201e+00
1.017411488996616153e+00
1.010285355706973087e+00
1.008891533987844591e+00
1.015319979400529649e+00
1.013051751381013776e+00
1.021469832329949590e+00
1.021157535150586382e+00
1.025623610952581144e+00
1.014568504068398713e+00
1.009504463487847836e+00
1.018063769290281417e+00
9.981648201615054283e-01
1.015118724127284544e+00
1.019048238636962145e+00
1.014298026807932906e+00
1.007990586367832675e+00
1.021543908026863567e+00
1.028901667382525753e+00
1.006277944025786297e+00
1.000380761646241012e+00
1.009262619819178086e+00
1.042757694796210499e+00
1.030380236348259260e+00
1.020870675124146754e+00
1.019129340475670276e+00
1.013419149614177117e+00
1.025327790602076350e+00
1.023445871476445834e+00
1.020105239211006376e+00
1.018824456263945022e+00
1.012176047507336030e+00
1.022686934157754024e+00
1.009104064501445519e+00
1.025888889684653416e+00
1.028857099508148520e+00
1.024691790882129139e+00
1.030332190023392602e+00
1.022740425153239707e+00
1.027060560448035176e+00
1.034462447348099889e+00
1.026244303561439253e+00
1.029821662484084133e+00
1.018321055434067146e+00
1.023648181359443354e+00
1.024393904320553439e+00
1.010918997789481688e+00
1.014761125702479783e+00
1.016370392691232416e+00
1.027011072117481438e+00
1.033819711932766117e+00
1.027757640147255680e+00
1.015627048919839792e+00
1.024105552533215224e+00
1.028275019918059696e+00
1.026887781117867826e+00
1.027429164252018134e+00
1.023332905301744811e+00
1.013874193536778767e+00
1.027571865989954869e+00
1.024995518452167076e+00
1.021442884863796197e+00
1.026854414390809822e+00
1.023879889922037600e+00
1.028025484483223062e+00
1.025118092802195013e+00
1.026125466853682777e+00
1.022999152820080360e+00
1.023779807917506002e+00
1.027770723026104616e+00
1.036883739220014533e+00
1.023770321929980964e+00
1.010510529256832823e+00
1.022479738195872123e+00
1.021425584920638396e+00
1.019495492353341248e+00
1.014595227387466991e+00
1.018088461357673280e+00
1.026504054240452879e+00
1.040147142533504931e+00
1.036025669002845762e+00
1.034876844830774800e+00
1.017301584338298870e+00
1.020689582832781994e+00
1.020111594063509930e+00
1.031234090763211153e+00
1.026608398200643979e+00
1.026391142721305272e+00
1.016431776707486634e+00
1.022586090210921395e+00
1.021481103576113547e+00
1.009332044761705349e+00
1.023450929946489119e+00
1.033776323307869616e+00
1.033622993758709807e+00
1.015238529296380587e+00
1.024521863401560040e+00
1.035385724684596997e+00
1.029851869655540320e+00
1.022425291375267831e+00
1.012889686292107516e+00
1.019389066907003594e+00
1.021824905857754873e+00
1.007688362286108807e+00
1.018554568154633522e+00
1.008002817647468019e+00
1.017148690627617036e+00
1.021454181831004782e+00
1.011884025278850130e+00
1.016824664146006585e+00
1.012941737365605999e+00
1.022845414063182634e+00
1.011074728361808450e+00
1.017361698436128892e+00
1.016949419005832578e+00
1.007652552414935343e+00
1.010193579767159289e+00
1.014901712819098911e+00
1.007395750888446129e+00
1.003401769802167554e+00
1.010173543933666540e+00
1.006716072578094145e+00
1.005809526250939889e+00
1.005947284360117377e+00
1.006535715795731756e+00
1.006293377053402605e+00
1.004987034566984239e+00
9.900765296698605944e-01
9.998291027947496801e-01
1.005774607552597066e+00
9.908658003084906962e-01
9.999816920680432153e-01
9.983164254718900343e-01
1.000227652141609136e+00
9.979717253898712226e-01
9.839218383866057405e-01
1.007981195855155443e+00
9.958431107976276619e-01
1.003646896739612604e+00
1.004414637992498749e+00
9.990962045685971571e-01
9.905985626486901729e-01
9.927018083460105169e-01
9.966908462456407491e-01
9.921442190472542499e-01
9.890504269040570895e-01
9.876093807966997984e-01
9.810935475501949554e-01
9.917069396701369000e-01
9.823181273817856995e-01
9.776958722065058893e-01
9.928672725563431056e-01
9.842995524388590267e-01
9.809673813000804321e-01
9.807231828752727143e-01
9.651349498391584847e-01
9.880038303093431340e-01
9.755485192332418176e-01
9.825221978788438726e-01
9.749695718059111504e-01
9.853672013509846561e-01
9.772300827018683966e-01
9.791708006374681972e-01
9.757894787580222440e-01
9.697196909220620054e-01
9.597487176924196506e-01
9.604406015702058319e-01
9.691751074149554945e-01
9.458902413735579273e-01
9.655993650481631274e-01
9.649568203270552091e-01
9.683842430131601731e-01
9.490515866253460553e-01
9.519223744152469635e-01
9.662452816801438971e-01
9.680994802877297412e-01
9.618563980785529433e-01
9.635585502007019132e-01
9.628821408033430007e-01
9.607477795452477043e-01
9.486846331416578515e-01
9.463700403293389130e-01
9.526578823576741240e-01
9.419609359126600578e-01
9.420444091752472326e-01
9.516520324205826054e-01
9.405921259162590697e-01
9.426582781372034869e-01
9.358269846321429775e-01
9.473328030270578015e-01
9.395714355459935385e-01
9.398301873670955597e-01
9.329783578080230733e-01
9.373303541330215705e-01
9.428866393764493425e-01
9.218992614023908683e-01
9.291370842393471552e-01
9.274134372810418636e-01
9.360734360933277154e-01
9.333095619795411801e-01
9.351262112233509338e-01
9.325405594148259425e-01
9.314079682234313040e-01
9.286401589013492108e-01
9.236332350127234303e-01
9.250785591822894283e-01
9.318798756594127708e-01
9.213764394328544105e-01
9.168993280713656491e-01
9.158099876791664373e-01
9.169617879672337102e-01
9.103903369334468421e-01
9.162764542433990966e-01
9.154080326942007906e-01
9.109200996069877210e-01
9.096709724095543015e-01
9.125176079970289678e-01
9.006483931966058343e-01
9.058117263325257129e-01
8.988223803062390660e-01
9.063453786696820114e-01
9.072976039218717537e-01
9.049601341925610498e-01
8.928129663205405242e-01
8.897151987286402441e-01
8.952015813115961063e-01
8.963748903756246778e-01
8.935005843653853752e-01
9.030064058508884273e-01
8.928319870737200237e-01
8.912255973515350593e-01
8.926460805269177401e-01
8.793123923075503168e-01
8.949202530640542053e-01
8.889216436197070470e-01
8.877091292952826729e-01
8.769649835203596755e-01
8.832988484142967334e-01
8.857145917331499252e-01
8.843127158695585077e-01
8.814161412140661955e-01
8.698275006521507535e-01
8.777098688598614640e-01
8.666672027354520580e-01
8.709514557689366221e-01
8.593819712918092657e-01
8.701556638678545896e-01
8.642572159551236144e-01
8.703775783635515628e-01
8.633986270998549317e-01
8.598657188842396826e-01
8.619163209732504383e-01
8.559794773281598212e-01
8.631410648614147307e-01
8.565813462206418594e-01
8.597037436563398360e-01
8.633935724792913824e-01
8.507135540824577458e-01
8.490581986483266563e-01
8.460716900125190287e-01
8.533509135044708982e-01
8.430513825827770091e-01
8.515323242118260083e-01
8.441638236248614202e-01
8.440630772244288593e-01
8.431887193501172995e-01
8.470130650110597736e-01
8.419628454680462282e-01
8.369162403213509238e-01
8.325771854296156738e-01
8.428373107762244798e-01
8.303615561240211829e-01
8.314840770867253372e-01
8.338916689862964082e-01
8.368388701611489955e-01
8.269210930130579396e-01
8.298188110316686572e-01
8.242454964360047542e-01
8.199484617753824978e-01
8.240858426500081713e-01
8.172353512019683297e-01
8.221529144629766694e-01
8.225935409604012705e-01
8.128613596472796798e-01
8.132555376454650986e-01
8.154947040864564123e-01
8.118605246866131830e-01
8.205873841765030097e-01
8.061691737203231511e-01
8.120888502283738486e-01
8.024473282867218282e-01
8.083393909960283619e-01
8.072075047287565752e-01
8.115049355456326330e-01
8.021621916125742935e-01
7.980677385502248367e-01
7.988234142092468515e-01
7.945629076374738364e-01
8.002873782381384471e-01
7.930336299021287783e-01
7.895787819933424156e-01
7.904330005058788355e-01
7.878936391062466571e-01
7.925999119841991014e-01
7.840892870976786666e-01
7.837416200032200075e-01
7.890964000376907705e-01
7.837824647686446600e-01
7.783472754937957871e-01
7.850705063754728208e-01
7.818870991206949839e-01
7.680306052799624750e-01
7.749395849724108887e-01
7.724234916107468596e-01
7.780898539829307348e-01
7.735606325475188338e-01
7.616756989377950759e-01
7.658178604652523536e-01
7.596131979072598961e-01
7.657752846444346728e-01
7.788878192605205308e-01
7.673110673296341666e-01
7.593924795712393427e-01
7.531109264037857409e-01
7.596007000195303949e-01
7.538094659339673598e-01
7.507908676248363777e-01
7.508641467001784253e-01
7.476875140330478953e-01
7.518253380895290050e-01
7.490569415364074501e-01
7.401682512825745741e-01
7.478046415971781880e-01
7.422909038673943805e-01
7.382525781653792585e-01
7.459206254764529920e-01
7.352505035590499727e-01
7.376809822519843074e-01
7.304839528308918473e-01
7.322699452559254807e-01
7.291588282374319441e-01
7.330040518093274837e-01
7.297751901370930216e-01
7.231145090012996990e-01
7.199856403339539579e-01
7.242706593243736224e-01
7.278215225893002183e-01
7.200188563623222127e-01
7.128430108269638854e-01
7.121565590676323110e-01
7.178131982288160629e-01
7.081560945972039667e-01
7.104680400210422464e-01
7.113358167192138648e-01
7.046723114515440756e-01
7.001888220995141632e-01
6.982436880606426310e-01
7.035561385553822378e-01
6.997164830122037937e-01
6.904786839879635263e-01
6.880408762060331584e-01
7.001767659395523591e-01
6.965465717175297611e-01
6.844997323330391792e-01
6.916173125188838089e-01
6.885927499630523085e-01
6.837083982059921627e-01
6.809201159613283982e-01
6.749341412014967512e-01
6.807834690612556416e-01
6.774198823115504808e-01
6.729281886267146628e-01
6.745338594617920069e-01
6.716867094492541268e-01
6.664695220124631225e-01
6.603060944964115331e-01
6.649986758103471063e-01
6.621544859788707216e-01
6.571283731909933756e-01
6.628134683158058982e-01
6.545146429979398217e-01
6.586819760837443472e-01
6.523168841906015203e-01
6.528269986156408633e-01
6.448601421258216559e-01
6.474918309168457009e-01
6.403315425069059375e-01
6.439565632598340805e-01
6.410304221370631828e-01
6.403573748141263566e-01
6.365907061738594885e-01
6.316661146818928207e-01
6.346664232342622558e-01
6.289440904771106400e-01
6.277850636136705909e-01
6.211367305104286141e-01
6.179772852304722397e-01
6.159204439291230404e-01
6.169372470830497557e-01
6.195253629061956424e-01
6.150117359520466120e-01
6.193748839306638665e-01
6.090058283142179008e-01
6.056213861653366726e-01
6.034419560701395069e-01
5.997364172190566833e-01
6.002121616330972076e-01
5.965607231286373935e-01
5.993033407923282763e-01
5.983599240869221791e-01
5.932452086396705626e-01
5.933791295584457393e-01
5.857910429436571365e-01
5.807689830594013891e-01
5.926512739267155716e-01
5.823578418572237236e-01
5.818152972318384464e-01
5.743923952860411353e-01
5.760330859726077168e-01
5.768132796869852585e-01
5.719082565562342291e-01
5.630766578046134674e-01
5.668381619538221949e-01
5.669861063266662393e-01
5.656534274210455182e-01
5.585153761577289488e-01
5.491180553169627832e-01
5.566829177302241582e-01
5.506028655913477454e-01
5.493422520284796384e-01
5.480427396375051607e-01
5.451390608339765631e-01
5.456446604216672602e-01
5.414978613418259812e-01
5.363566501101746375e-01
5.437773449816805105e-01
5.294572070693962518e-01
5.288222850625633464e-01
5.305876005506274806e-01
5.304561801179855651e-01
5.274183101403749907e-01
5.263066157892705155e-01
5.185441884940767965e-01
5.206881569327098669e-01
5.151414356343192447e-01
5.123324463717758848e-01
5.172009375543094034e-01
5.136629798033399696e-01
5.081893872323000050e-01
5.059556628279834323e-01
4.998872925802353429e-01
5.042835462868258123e-01
5.015383640756364558e-01
4.964166490698398992e-01
5.012734682127446550e-01
4.921732528871459733e-01
4.927493636908769625e-01
4.948807805535711535e-01
4.866035210334850869e-01
4.848945323356575465e-01
4.769602554297374675e-01
4.835165708880803659e-01
4.800715448191051893e-01
4.742990208296077870e-01
4.756312955022476974e-01
4.742232599067298104e-01
4.682882854359957103e-01
4.691773532116954026e-01
4.597876799310527951e-01
4.620970606955896454e-01
4.614909950689043416e-01
4.609977486352939136e-01
4.522793677258535872e-01
4.560208749437877351e-01
4.457823371527772083e-01
4.485809844438763405e-01
4.480591539342350105e-01
4.451835106661369279e-01
4.409753626517878833e-01
4.408158029759497998e-01
4.392052242632480397e-01
4.354298190253085288e-01
4.335637835140951357e-01
4.356149286670411569e-01
4.288040285470725022e-01
4.293070745291958645e-01
4.203938437406335993e-01
4.234223109319141809e-01
4.210263988318955208e-01
4.183289999909813872e-01
4.173126598780895757e-01
4.164418760241492268e-01
4.115563374600981206e-01
4.107747989255121634e-01
4.077081574812131959e-01
4.069605301682133747e-01
3.975690721374023351e-01
3.972366769184535462e-01
3.934658518475513400e-01
3.950276466716328705e-01
3.940663040454665533e-01
3.904405788757427942e-01
3.923348273186037516e-01
3.899058116037442678e-01
3.828459565470596626e-01
3.836200027622876374e-01
3.797932036127444344e-01
3.775524531727403321e-01
3.805900104254580918e-01
3.752967324188610787e-01
3.732477373285081335e-01
3.701347546378354614e-01
3.680571168721183395e-01
3.637205771362064244e-01
3.645829003631897436e-01
3.654391275915077619e-01
3.605041406274834270e-01
3.554804771896590276e-01
3.531299392971315454e-01
3.508531936750159952e-01
3.529256911050017154e-01
3.488084947018550985e-01
3.468079989788900308e-01
3.458662058811007300e-01
3.414071681344580944e-01
3.398613139588763654e-01
3.355455151462061747e-01
3.378037057505696161e-01
3.310464013053200927e-01
3.281052812960135734e-01
3.327543069377935092e-01
3.263446028149850631e-01
3.235889519096991074e-01
3.189902970109859126e-01
3.211378936560700947e-01
3.132752619940445404e-01
3.147529191360749490e-01
3.136541354146286098e-01
3.113654685575075742e-01
3.086164918714456307e-01
3.047118036112939632e-01
3.049333068537814495e-01
3.022030323174903499e-01
3.008061344517698465e-01
3.010842195668771426e-01
2.949150157778310244e-01
2.936017627791026596e-01
2.934639853857246017e-01
2.887672418583445699e-01
2.911441655242438808e-01
2.866576230453588003e-01
2.857601637335533407e-01
2.805434511536559206e-01
2.796244910439509290e-01
2.792120846226546771e-01
2.761575641732850195e-01
2.736023766203437568e-01
2.735090180907160384e-01
2.704548119940202167e-01
2.654775188980580403e-01
2.623150478451742873e-01
2.605220678968061532e-01
2.590060939377278326e-01
2.589611758772651928e-01
2.543343457219620074e-01
2.516550160732349273e-01
2.525826186050086353e-01
2.495689282684929733e-01
2.451207715362923867e-01
2.436727980838561680e-01
2.409274501190578899e-01
2.419143187159176200e-01
2.375593496583487674e-01
2.363935909200194641e-01
2.315956531396894114e-01
2.325170588493850055e-01
2.299351228553561943e-01
2.274213913892795536e-01
2.274105061224000190e-01
2.225608752670357737e-01
2.203720588264184432e-01
2.202699170397511286e-01
2.169121365866383266e-01
2.159937253730939699e-01
2.121815260932412295e-01
2.125193045747861553e-01
2.083840786352596230e-01
2.080856440213444680e-01
2.036264909023916547e-01
2.033604980204263002e-01
2.018660289298547239e-01
2.007675281400019551e-01
1.961326290741345346e-01
1.976423988200069759e-01
1.924218113224923921e-01
1.915090887773896466e-01
1.896709608396923152e-01
1.887352929653344502e-01
1.882682571450461639e-01
1.846371321804045618e-01
1.827264090820842068e-01
1.814200971636962811e-01
1.771459831970956522e-01
1.754641740146058448e-01
1.751342188551958945e-01
1.730537911611519930e-01
1.686958592894903242e-01
1.690708089763900135e-01
1.677308924798329159e-01
1.649484434105957520e-01
1.636275379209678471e-01
1.622807849153104776e-01
1.600531903966424807e-01
1.582706276736668416e-01
1.556992771408331755e-01
1.544930407253936877e-01
1.526840474490022692e-01
1.516927754115180993e-01
1.504600921902982114e-01
1.487577662975419768e-01
1.457622131240724483e-01
1.454477595687752034e-01
1.426528263938617036e-01
1.409100771397266139e-01
1.397734087640929990e-01
1.374253463666729180e-01
1.357937475729055765e-01
1.334665135359288934e-01
1.321316793354475883e-01
1.318809167263786941e-01
1.298419284397606399e-01
1.285020551703054681e-01
1.271331616058009872e-01
1.252245711701272246e-01
1.233573806957175972e-01
1.212893199744259493e-01
1.198605628665928013e-01
1.195067359736680240e-01
1.175669014668494633e-01
1.167795519282184419e-01
1.135908328740919959e-01
1.135140964832303256e-01
1.108777949736607232e-01
1.107507829491044399e-01
1.080784095036183973e-01
1.085353951704653153e-01
1.063067818213077054e-01
1.056254931576852685e-01
1.032513288227778492e-01
1.028773471260236161e-01
1.014157744510473386e-01
1.008236568916755782e-01
9.819915694318558097e-02
9.844537956907828402e-02
9.656877088072117477e-02
9.545232630952686648e-02
9.406502417189613330e-02
9.251802156344575423e-02
9.130340459942501430e-02
9.051176012369177570e-02
8.863983868847423453e-02
8.743386705952180260e-02
8.692466261182948961e-02
8.498211026332586071e-02
8.425001449131787334e-02
8.314399869818414612e-02
8.205972576835895982e-02
8.109307895380386821e-02
7.963118388138745729e-02
7.915245050251405734e-02
7.769152859030606373e-02
7.690159273436314447e-02
7.630362932816479871e-02
7.469875470997298927e-02
7.402252015953367237e-02
7.348556087037201590e-02
7.158868909326966679e-02
7.164150393914711645e-02
6.990082437976023744e-02
6.989104643435986586e-02
6.823533471580922605e-02
6.765490173168930976e-02
6.661835221991936618e-02
6.570586248025200860e-02
6.483058960579493601e-02
6.412910337892752111e-02
6.307640064493288956e-02
6.207914597448110222e-02
6.121094124745155018e-02
6.056420058110782018e-02
5.987005864704163238e-02
5.864416597548315069e-02
5.849629747726249607e-02
5.719624489642132631e-02
5.664871481380809315e-02
5.512981462588335824e-02
5.458503812761405366e-02
5.311283205579180738e-02
5.304879912633504030e-02
5.166218915901901743e-02
5.131686451773620483e-02
5.025302831728003378e-02
4.970604249759488780e-02
4.888475541259161561e-02
4.864952113662625310e-02
4.735827753337427254e-02
4.646542287864208892e-02
4.578675098634625573e-02
4.508746124512441611e-02
4.412973208028204281e-02
4.374574699959180024e-02
4.295390646751643532e-02
4.262108917164370014e-02
4.176525551226580035e-02
4.139368016297463593e-02
4.047961794357932824e-02
3.965203089982226314e-02
3.898442149677820018e-02
3.877091159805303583e-02
3.767929810972647786e-02
3.730426749888622606e-02
3.664466942202971450e-02
3.615969268372540985e-02
3.539196668901609111e-02
3.497418182873630182e-02
3.418832459985769734e-02
3.373716159502788969e-02
3.289455590863270273e-02
3.291875239742970971e-02
3.196097002014985228e-02
3.153289217619031221e-02
3.100381786735094403e-02
3.045398111392174506e-02
3.005808070319844136e-02
2.936806263933307640e-02
2.884174226137085212e-02
2.824796339083635380e-02
2.786113154048708990e-02
2.738252677114062783e-02
2.692762695745824428e-02
2.611117115229831184e-02
2.570771889920881251e-02
2.525257525480888859e-02
2.458411827740110064e-02
2.404618784138221402e-02
2.378783770594109989e-02
2.339140961487937154e-02
2.290420475134062953e-02
2.230037178613467758e-02
2.216231457484089604e-02
2.160819832556845968e-02
2.094703972942136769e-02
2.058786156805921669e-02
2.026224334837815541e-02
1.994308019368820281e-02
1.944706620414489093e-02
1.919871748784773152e-02
1.873957172635972238e-02
1.831246715624177540e-02
1.804164514277291353e-02
1.753952012725711398e-02
1.724952992663677381e-02
1.677360026120908176e-02
1.657811249579206267e-02
1.599333250908497456e-02
1.573792984483097027e-02
1.527178245565174140e-02
1.516908151722251574e-02
1.459542975674305541e-02
1.451478396199318115e-02
1.404094495005405070e-02
1.376362611503074117e-02
1.349337241467571911e-02
1.318711124414364069e-02
1.292018895267223536e-02
1.263927529462240650e-02
1.240525916657536296e-02
1.203455889045393877e-02
1.177716577688319582e-02
1.150526628623100948e-02
1.131924245602773833e-02
1.088297190639602591e-02
1.076831500910648345e-02
1.050020743744265773e-02
1.014632318169219651e-02
9.998116221785393470e-03
9.718059777610690494e-03
9.574670102359766899e-03
9.274084627807885686e-03
9.156889017769630906e-03
8.739606530911436799e-03
8.688522539933331290e-03
8.425807019585849003e-03
8.202986939849426368e-03
7.936801938051723376e-03
7.855482347679182756e-03
7.585437468622628111e-03
7.397304042843275314e-03
7.179097265445682531e-03
7.009961221702943647e-03
6.858751481885841730e-03
6.681667439882579655e-03
6.481818642856280663e-03
6.332599952945046178e-03
6.147388512182929039e-03
5.978217633484815031e-03
5.820384199858458403e-03
5.742485018966419011e-03
5.546452759622432990e-03
5.393078654726090118e-03
5.225122754299951072e-03
5.122761958171718165e-03
4.961818822993042423e-03
4.842950383088837941e-03
4.712653836475649838e-03
4.584778105638940594e-03
4.486942508517212554e-03
4.326387424461160779e-03
4.217455038051058994e-03
4.087993269177012980e-03
4.031380684201267030e-03
3.858989110007965146e-03
3.796250387550325310e-03
3.642719279054887262e-03
3.604450043048519105e-03
3.436014618825560061e-03
3.398649603515927452e-03
3.278006311239152915e-03
3.198859773218638500e-03
3.061453772417733945e-03
3.019540163997537149e-03
2.905560025484100247e-03
2.846549842691117275e-03
2.746182418373226911e-03
2.673767679666521919e-03
2.596693091992664966e-03
2.506335112660732466e-03
2.439068888909194481e-03
2.369754309012938025e-03
2.315838417434661241e-03
2.218455411926840114e-03
2.192077540529354957e-03
2.105298458547114580e-03
2.056379201470286740e-03
1.982650232367353521e-03
1.926312876556365156e-03
1.867007130480436306e-03
1.814061291692577920e-03
1.760885913675982973e-03
1.712563059993013224e-03
1.658383822896240117e-03
1.609225502813350136e-03
1.560413065071150586e-03
1.508752374082942280e-03
1.470385553529827060e-03
1.426618239144910845e-03
1.383070709852895130e-03
1.337375528142177583e-03
1.296480634428696021e-03
1.261212500940171993e-03
1.219514489042961176e-03
1.188464360982828668e-03
1.152986756800982284e-03
1.116998110995660485e-03
1.080990784186351261e-03
1.050840148329774829e-03
1.016794896505078408e-03
9.812035654192109539e-04
9.511546366703600491e-04
9.277171416741603538e-04
8.968666749195355848e-04
8.685748669064500497e-04
8.362422428125839031e-04
8.187543072860073911e-04
7.893144835168258060e-04
7.643628192590867700e-04
7.383089309613698626e-04
7.273136751674095504e-04
6.975483489979499886e-04
6.737594606675891560e-04
6.520128861690334355e-04
6.368964273395811160e-04
6.137081863883495515e-04
5.979531057399719261e-04
5.785044796623354342e-04
5.596077825819817993e-04
5.402956774478692758e-04
5.255792398192503725e-04
5.108867858959366534e-04
4.965288330921509155e-04
4.802476615405286268e-04
4.655181145669624139e-04
4.498910001381405360e-04
4.381571919585830347e-04
4.262270532469719870e-04
4.095582429460358723e-04
4.001465322282165096e-04
3.877967390705201007e-04
3.748786196363965389e-04
3.621963853365669757e-04
3.530878675442111953e-04
3.402916340714958279e-04
3.322024282764261252e-04
3.196455464549755282e-04
3.091105489457691307e-04
3.018495434253234337e-04
2.905424385658129764e-04
2.847969479260963163e-04
2.743946664876573431e-04
2.657820147078978745e-04
2.579818847566855131e-04
2.514130021960432875e-04
2.436289596343442303e-04
2.359389990416256480e-04
2.308567989692378970e-04
2.243079787167120639e-04
2.154680138235418843e-04
2.096263026640274958e-04
2.034071394207360365e-04
1.985672329282438026e-04
1.919562901773530018e-04
1.865803898685353427e-04
1.814351221258113627e-04
1.751258598319390075e-04
1.693741126702766136e-04
1.656165361999773443e-04
1.596202672472550534e-04
1.550459744443369650e-04
1.519200026931539094e-04
1.462751687421530542e-04
1.425832489986363799e-04
1.385186599973832066e-04
1.341628591258837229e-04
1.298588197114922897e-04
1.268483927057943044e-04
1.235149584236572480e-04
1.195255592359808252e-04
1.167438540789447239e-04
1.128558332539420579e-04
1.093937533489431111e-04
1.070296734133523517e-04
1.038107771943412702e-04
1.014428123681267158e-04
9.785843171405074936e-05
9.477219977668676373e-05
9.205585578875715932e-05
9.012586337930591010e-05
8.721951724397115783e-05
8.481971156916425696e-05
8.266409600085982919e-05
7.998910595567928496e-05
7.749387068164970138e-05
7.557724275822190214e-05
7.373213137849520525e-05
7.144499778443885534e-05
6.938812091555758945e-05
6.759401299002231020e-05
6.604809773277003958e-05
6.342440916507028226e-05
6.184836894939498301e-05
6.052717994459277370e-05
5.888895989126787341e-05
5.694342337923591259e-05
5.574897706187311553e-05
5.408543421921110548e-05
5.272976128148488910e-05
5.100157895421664162e-05
4.933307807773234588e-05
4.811917218716359342e-05
4.700892615549803836e-05
4.539521715820920200e-05
4.435593522385521820e-05
4.278262409790598876e-05
4.191364487171808775e-05
4.072353709386392745e-05
3.968091597868242902e-05
3.857385495037371216e-05
3.734741598849972323e-05
3.637405287797456271e-05
3.538877901852518479e-05
3.454695582695143253e-05
3.339683439776061218e-05
3.250656330902386724e-05
3.172162607108840133e-05
3.081317921825374716e-05
3.001643460765500819e-05
2.889121663754777678e-05
2.831128408588954475e-05
2.734700577061308037e-05
2.684477954491475360e-05
2.592227139317537888e-05
2.535677450182093564e-05
2.457094608536503888e-05
2.390492402501940281e-05
2.314156946893876520e-05
2.271939145107901729e-05
2.191082143453791840e-05
2.135122675309660133e-05
2.072614341864453894e-05
2.021840207673144572e-05
1.956200736475423974e-05
1.911180905616328884e-05
1.855607822853331089e-05
1.805762856290943786e-05
1.746563268935895859e-05
1.707332889939058593e-05
1.663775904574520324e-05
1.611496122644730670e-05
1.565784556029349133e-05
1.528088483576190765e-05
1.469337718354914896e-05
1.435981987130417113e-05
1.389200182235605981e-05
1.357848117527526082e-05
1.311895172400061229e-05
1.280014081896842897e-05
1.235395212944826349e-05
1.215364459305478552e-05
1.166827463367913783e-05
1.141163137543710217e-05
1.105295400532576867e-05
1.081653835247668379e-05
1.038908400718050472e-05
1.016048781904149141e-05
9.732030413671604222e-06
9.602849600459441811e-06
9.238176832307301586e-06
8.993719048673921889e-06
8.701997042830552159e-06
8.430370061863611420e-06
8.190834962445073440e-06
8.009064983894864721e-06
7.720296772610149333e-06
7.492436829565310762e-06
7.274918286887992132e-06
7.094317503980929013e-06
6.809965279847286170e-06
6.623254729134786838e-06
6.456641390635228704e-06
6.224822558193482633e-06
6.073128491456918840e-06
5.874762159091430127e-06
5.756419837856782637e-06
5.538177958560117115e-06
5.373749409667970904e-06
5.213872255927850063e-06
5.085767958111097367e-06
4.908174395279379681e-06
4.760394007547070790e-06
4.585043382468978605e-06
4.450883047809305297e-06
4.317576129231899072e-06
4.235514981581388555e-06
4.053076933517471346e-06
3.958512271227486395e-06
3.804364052767398286e-06
3.718552783574507077e-06
3.573587382331547481e-06
3.475233180717550269e-06
3.344797098617736465e-06
3.273139254344919796e-06
3.126937860894991304e-06
3.062378074398987225e-06
2.957608124800253961e-06
2.861925479555698364e-06
2.788026384655203090e-06
2.671571556745471281e-06
2.598788376546477895e-06
2.518310015008793159e-06
2.428042380509145026e-06
2.339234730781567434e-06
2.287737413681444156e-06
2.197585611894328660e-06
2.125913460016017354e-06
2.046116241143268136e-06
2.002453741393082268e-06
1.932578154413478377e-06
1.872737635857939049e-06
1.802291435606239948e-06
1.755312968185050209e-06
1.685569690669294477e-06
1.638736663743324126e-06
1.572390081763700035e-06
1.511965532487602137e-06
1.458141648373483457e-06
1.419641320650589803e-06
1.367508768812177196e-06
1.332220379860269160e-06
1.282843421432549114e-06
1.239233905813686310e-06
1.201003194284433836e-06
1.159059735666129152e-06
1.120745640511750930e-06
1.081506150576338169e-06
1.048858676725135216e-06
1.008556489136342442e-06
9.766608460536946463e-07
9.397818854323646035e-07
9.115342383171859707e-07
8.788633086212071395e-07
8.447962354642217489e-07
8.185498396271573083e-07
7.925888567444473689e-07
7.640321831620869252e-07
7.333576516268962304e-07
7.108958911110716059e-07
6.859708660725985179e-07
6.606796171617359098e-07
6.365675885972309939e-07
6.135702813392008235e-07
5.953609283363790016e-07
5.737261634337331145e-07
5.537010340169422806e-07
5.318677486016930776e-07
5.142756937922495199e-07
4.944123536730684772e-07
4.784495057228035521e-07
4.657531518989017445e-07
4.434015423423171376e-07
4.299915351720608306e-07
4.106892065933254155e-07
3.968294538709980122e-07
3.828140059633323122e-07
3.693240074837211977e-07
3.543729588906410615e-07
3.419084289432104523e-07
3.296009314982339669e-07
3.147517493510676027e-07
3.057909126751647346e-07
2.932458505588962038e-07
2.838919707301930461e-07
2.712787950021181656e-07
2.627821525830989093e-07
2.526103618385014422e-07
2.437406816013348607e-07
2.337596740960749556e-07
2.254896993657334306e-07
2.163915187037079266e-07
2.087790111757483845e-07
2.019485316933364070e-07
1.931181647528794203e-07
1.871652142194171658e-07
1.801130528123489296e-07
1.714552842317059887e-07
1.647436473285695324e-07
1.599108976829460741e-07
1.529887148184825528e-07
1.475005469096730844e-07
1.428277986798271300e-07
1.372526680231147400e-07
1.316009074990296148e-07
1.264262908934513749e-07
1.222972183446086013e-07
1.169261510113408210e-07
1.128446656470025083e-07
1.089440497484101401e-07
1.042911375073905078e-07
1.008365953457162111e-07
9.644967382154940359e-08
9.365347772209649555e-08
8.966768550627780120e-08
8.639004502560558012e-08
8.269239215419073059e-08
7.944237196851164652e-08
7.626100664108308570e-08
7.380812345559941258e-08
7.093881964149116732e-08
6.809391330538092368e-08
6.555914295821063779e-08
6.251528955234203595e-08
6.062617999097488464e-08
5.774224582327834220e-08
5.578583165293347774e-08
5.332220797836256926e-08
5.164050723356986195e-08
4.926123216947789377e-08
4.800766267017089318e-08
4.552051513566985151e-08
4.422990050338141778e-08
4.214208722337081272e-08
4.081775551750553242e-08
3.909897597372185221e-08
3.745832108845530333e-08
3.586226400680482304e-08
3.480991026873864258e-08
3.326174776061193497e-08
3.181665182025137106e-08
3.074762663863163933e-08
2.956132575170018000e-08
2.824630259029478992e-08
2.707563745640976446e-08
2.602713235824177655e-08
2.519462784096766708e-08
2.408425984324876699e-08
2.319296653159945302e-08
2.218243656050201648e-08
2.151358105851629713e-08
2.051320322382075193e-08
1.978982875481667737e-08
1.906208691577298942e-08
1.819762074976070254e-08
1.747890398969157235e-08
1.687925532383315012e-08
1.621963686936557186e-08
1.564854728028234650e-08
1.494661712077427065e-08
1.439144984507120785e-08
1.389052842107801652e-08
1.328881629668849500e-08
1.275554628284228672e-08
1.234890256015842128e-08
1.175440854585872119e-08
1.139561530015444758e-08
1.083855636733726591e-08
1.047554469090677152e-08
9.997093439082710757e-09
9.722817582054081892e-09
9.277098405540172075e-09
9.004790765615378824e-09
8.623967675170793805e-09
8.316161872472446791e-09
7.913324318121730846e-09
7.677070921974277261e-09
7.375592681704509578e-09
7.116768628537104948e-09
6.797157915191043199e-09
6.535401507842099917e-09
6.320749853286456060e-09
6.058486956752779189e-09
5.850872425653474367e-09
5.595503743506032401e-09
5.432939078980638545e-09
5.174815964661835165e-09
4.990127104409411489e-09
4.793372710578860825e-09
4.613235242588475174e-09
4.417160839548840075e-09
4.280690221678645364e-09
4.103958430697175322e-09
3.978983474334282268e-09
3.792040443848074777e-09
3.666772624474141592e-09
3.519321848738577662e-09
3.405607025135681269e-09
3.255546993661811551e-09
3.127054258493135650e-09
3.021635588328230263e-09
2.915471421659405974e-09
2.791806625894683367e-09
2.704429204189633913e-09
2.596584582089577625e-09
2.501982105238736574e-09
2.392839590121023776e-09
2.297837544987801693e-09
2.233956022289601256e-09
2.130737123946732665e-09
2.071157181203090734e-09
1.972542716169094572e-09
1.901595159101888316e-09
1.842925898548443505e-09
1.772477644130251451e-09
1.696675323726694761e-09
1.650687600642818881e-09
1.576282862611234639e-09
1.523495586303200557e-09
1.460714213121253082e-09
1.413400215655919201e-09
1.360882972197441646e-09
1.312059367223863579e-09
1.264188258019804327e-09
1.216696173864531000e-09
1.178429836248448626e-09
1.124535219953304758e-09
1.089503327608204320e-09
1.054441195053947870e-09
1.012807568291209124e-09
9.757764511049185187e-10
9.433545612692121803e-10
9.107857619194495000e-10
8.719717135506716482e-10
8.425432658893273482e-10
8.110285761404148864e-10
7.865785238628547862e-10
7.582114158716415777e-10
7.266639816811457450e-10
7.014158985347562299e-10
6.766208819500896446e-10
6.488687909074607046e-10
6.277867660038965039e-10
6.013184251717003222e-10
5.786633807867628178e-10
5.636625178126968036e-10
5.402596201044953657e-10
5.232568097716262555e-10
5.044510406043427370e-10
4.835221767731609788e-10
4.684189657249302967e-10
4.493884159184826450e-10
4.353033831171257567e-10
4.189351780111690561e-10
4.038167261476025138e-10
3.877213689985823563e-10
3.764958894809479763e-10
3.584468138086583608e-10
3.482365576729856424e-10
3.359471722538452992e-10
3.226891022136382223e-10
3.108671504608999751e-10
3.004202690653560071e-10
2.884223783704932015e-10
2.783132592811775026e-10
2.684227080217892571e-10
2.591928512115661596e-10
2.497414512710036516e-10
2.396196174579521841e-10
2.321158851504990937e-10
2.221733794662667049e-10
2.166251769494218932e-10
2.075757128065939759e-10
1.997233387776379585e-10
1.931310806262329925e-10
1.863205192703827806e-10
1.794657061346761880e-10
1.735965596300750638e-10
1.660676568498343161e-10
1.607857263183193619e-10
1.548680970968017780e-10
1.501045679595249711e-10
1.435025317315575153e-10
1.379740709893657860e-10
1.323116718598717419e-10
1.279243695066349851e-10
1.229006471806508195e-10
1.194482677912764760e-10
1.144596224258121580e-10
1.100917887260212860e-10
1.058672703493451069e-10
1.018388635339171844e-10
9.859298542162907029e-11
9.458324241025713870e-11
9.166711756329874131e-11
8.794216609248568659e-11
8.471299386602841313e-11
8.143180532610776071e-11
7.895502585933117962e-11
7.552311066122633902e-11
7.307151477505037950e-11
7.028794027973825013e-11
6.748734176410394289e-11
6.493413232624806917e-11
6.281635294916570990e-11
5.973685812667030395e-11
5.790770940109737090e-11
5.585635548006163966e-11
5.380454295090395145e-11
5.114116710723752887e-11
4.940122335127073897e-11
4.779944257538753211e-11
4.613874724635074480e-11
4.427373592503245068e-11
4.238587324290535193e-11
4.090769218366066562e-11
3.926269100497861064e-11
3.807409671312298173e-11
3.675065916307734739e-11
3.504489702414005664e-11
3.378674979677038789e-11
3.231035490434146143e-11
3.125519426740903730e-11
2.990851787026100619e-11
2.889452834919386233e-11
2.767579066584922959e-11
2.665750877319862244e-11
2.559867462849116491e-11
2.448816118048661792e-11
2.374847791947820248e-11
2.270851880765516516e-11
2.193527126231875780e-11
2.101042743321901267e-11
2.029007481603225281e-11
1.928134190778388528e-11
1.866601829833511877e-11
1.778530955524022070e-11
1.727080171529020709e-11
1.638750123266582090e-11
1.576589707136413895e-11
1.512998320321066636e-11
1.463105576552194002e-11
1.386350951946658851e-11
1.344501253682212199e-11
1.291419436379449527e-11
1.245825879384516513e-11
1.180382333514912321e-11
1.142659035881788335e-11
1.099072594515198293e-11
1.044548210049626438e-11
1.013810844894690398e-11
9.703038719920212664e-12
9.304632175659237654e-12
8.910734542930288182e-12
8.601259765790402813e-12
8.255012074920528832e-12
7.888606232107916646e-12
7.615832551972599711e-12
7.265109167796774161e-12
6.986607646835503952e-12
6.646548707085853536e-12
6.431172674639159300e-12
6.162263186046379778e-12
5.888682085599638067e-12
5.624936322654238123e-12
5.439727210979681507e-12
5.214238480345557503e-12
4.975452193083114331e-12
4.783629143257880845e-12
4.562420894071044802e-12
4.382754183429535561e-12
4.187692663200028476e-12
4.045764878791270364e-12
3.868526694287815816e-12
3.699029341329399388e-12
3.549468998647474526e-12
3.398090758313249310e-12
3.275839180182148640e-12
3.122820354456586220e-12
2.971644402264456367e-12
2.859891037914863831e-12
2.772519866554253213e-12
2.631356848997183263e-12
2.518032740469424807e-12
2.417536830702178439e-12
2.317934521822561156e-12
2.224845125061191745e-12
2.122431606564936692e-12
2.031237079914619761e-12
1.949059220284758028e-12
1.859114890074392191e-12
1.783064830835557915e-12
1.704001026171372359e-12
1.626562909562513576e-12
1.566451570690645438e-12
1.490739654606062110e-12
1.436475116839036043e-12
1.368090245884727604e-12
1.312743239167973727e-12
1.252009564688433319e-12
1.200145128827265440e-12
1.148766312555330884e-12
1.110409511333428992e-12
1.057232374972320436e-12
1.009709598910015380e-12
9.615483868326885556e-13
9.271103786347645835e-13
8.863488376750811677e-13
8.505081098897477673e-13
8.095423383858630167e-13
7.762630126805338736e-13
7.412791521762838804e-13
7.055946536822295185e-13
6.809180914115694968e-13
6.436375047460634133e-13
6.202598802267067556e-13
5.917765150296049843e-13
5.688840398508822416e-13
5.423610066373051060e-13
5.184094205042259943e-13
4.926637203106255351e-13
4.729772807696409265e-13
4.505025372616632340e-13
4.325269485455255584e-13
4.134607105904460279e-13
3.965894686388365240e-13
3.759729394806837665e-13
3.605638521789289192e-13
3.484427291936942660e-13
3.295075373804407145e-13
3.165855716316055232e-13
3.028594279560391783e-13
2.889101260447541040e-13
2.767846947818571164e-13
2.620471345302048020e-13
2.528606565290667978e-13
2.420080598230384976e-13
2.294701530675471651e-13
2.193656958841404615e-13
2.094409614691056279e-13
2.013326067781231419e-13
1.918675736940083162e-13
1.837748399059215546e-13
1.742592839938911968e-13
1.673365119242918893e-13
1.606883780573595497e-13
1.526309257903099665e-13
1.458334527292719984e-13
1.402926841770522671e-13
1.334075946819499825e-13
1.270465570739199590e-13
1.221089976142649280e-13
1.168719634319252937e-13
1.115993288228546068e-13
1.067574590136976554e-13
1.018744374546647050e-13
9.708845144660110667e-14
9.302620740260531440e-14
8.893383884088998908e-14
8.523647018839802342e-14
8.037975661797958543e-14
7.731900782334100668e-14
7.363344789361596820e-14
7.058015368174730621e-14
6.700774950349671229e-14
6.436493573986631114e-14
6.140301693489596754e-14
5.877871285212090583e-14
5.600761249917414161e-14
5.415898737809167189e-14
5.151808474885203411e-14
4.899797894071939744e-14
4.694516642024733059e-14
4.489817430374795433e-14
4.267504290510737620e-14
4.108861608548525417e-14
3.943430389356887807e-14
3.791441729022040555e-14
3.586776343810326427e-14
3.438267596161705003e-14
3.267172765424487091e-14
3.146226900294645321e-14
2.978081998943519395e-14
2.844320144153339505e-14
2.735350396154059026e-14
2.619490875183109262e-14
2.497115843446174163e-14
2.383944487944216313e-14
2.276322628153037634e-14
2.186814152464044205e-14
2.076497698685340403e-14
1.982767946337222937e-14
1.898545435113512281e-14
1.838272174492659288e-14
1.728756008991525150e-14
1.669640265793230565e-14
1.598381517356750782e-14
1.532062487318178286e-14
1.459427338664883977e-14
1.395452022326978128e-14
1.332326265971182417e-14
1.269704050448204106e-14
1.217787099615878365e-14
1.162636495664179521e-14
1.118448273823254783e-14
1.061068174442684637e-14
1.017688725834580531e-14
9.728594384118293106e-15
9.334128449809582743e-15
8.923013785126996275e-15
8.520039916659529360e-15
8.173168747277668301e-15
7.806662522699515217e-15
7.462175706443622639e-15
7.161264486709130175e-15
6.795806676821641633e-15
6.578424686373137891e-15
6.299576603170656332e-15
6.007658895211998958e-15
5.724883017086533446e-15
5.497044147876351657e-15
5.236956452118859537e-15
5.043051085921997330e-15
4.799089733536565693e-15
4.600417583547320885e-15
4.381404327631484348e-15
4.192263175958335273e-15
4.031967530990749709e-15
3.846339870742822315e-15
3.663062214999212325e-15
3.495142476184367147e-15
3.359256663751564400e-15
3.196865358565291045e-15
3.053500508234985182e-15
2.947657204514858401e-15
2.815333796239622774e-15
2.690947772062428007e-15
2.555172124927344408e-15
2.478976317972893492e-15
2.364910310756794842e-15
2.247080214474934755e-15
2.161471027871855432e-15
2.068878211646675089e-15
1.977614597939885962e-15
1.886644872774878716e-15
1.828966547802730941e-15
1.727952821859779313e-15
1.662725079131006801e-15
1.577091829064205094e-15
1.515389523831256267e-15
1.444105541023265722e-15
1.383631036253746274e-15
1.326104096097025518e-15
1.266479423995763627e-15
1.220001526462803537e-15
1.170760435925688669e-15
1.116927088071512883e-15
1.061663879529239633e-15
1.024670738636027949e-15
9.774069124573259819e-16
9.365384494704018917e-16
8.923077512552018561e-16
8.583445998456969536e-16
8.217678865960803056e-16
7.851390414710851211e-16
7.476426529897126935e-16
7.209505825614182489e-16
6.862367124853761800e-16
6.549494977232524823e-16
6.289935661977457943e-16
5.972412842518082105e-16
5.759142012526054668e-16
5.506831330810836544e-16
5.256367496326501476e-16
5.046687482886186293e-16
4.801154351611725988e-16
4.599340750886512193e-16
4.399895156713239979e-16
4.228575195066455370e-16
4.019604524234534197e-16
3.865853551354151576e-16
3.692747106005632319e-16
3.542208140345160138e-16
3.374478307766590877e-16
3.228092369805920918e-16
3.087790836702183331e-16
2.953193696135159401e-16
2.828675846290217809e-16
2.700972762183111007e-16
2.579833539815194254e-16
2.475141072770558314e-16
2.348731132751537470e-16
2.239835984591538728e-16
2.153132502381710589e-16
2.053031336871550567e-16
1.981189585670127852e-16
1.884084933184455203e-16
1.788645741754292362e-16
1.715681388515386605e-16
1.642437138178739418e-16
1.574793843151235931e-16
1.492620615724418239e-16
1.440208537708346452e-16
1.362953664123866595e-16
1.309729685639256533e-16
1.253665963830887484e-16
1.187821920673981006e-16
1.151394838335743674e-16
1.092436941773753565e-16
1.039742058468811673e-16
9.966062659158357533e-17
9.569614564507962679e-17
9.133184608532671330e-17
8.686319941984944056e-17
8.306112855389209443e-17
7.971773510415656454e-17
7.541332895098885968e-17
7.243859944179156400e-17
6.882651843942907248e-17
6.616526470313851466e-17
6.332491236591621690e-17
6.039304842194090150e-17
5.747335212585430480e-17
5.486817441359457040e-17
5.272634047166847261e-17
5.010165402160382472e-17
4.791148348151590814e-17
4.556785449470671317e-17
4.361095104998428317e-17
4.187334414952501367e-17
3.962953303519377605e-17
3.795230437469769088e-17
3.599466906789263868e-17
3.442023233129004212e-17
3.297821912309402269e-17
3.117655863401775536e-17
2.975779331220809293e-17
2.865438172893990819e-17
