2.833529148949341246e-04
2.719584654111942713e-04
2.627810581647663148e-04
2.904069313223132118e-04
2.730059728051272439e-04
2.906338045177390972e-04
2.686262332243341045e-04
2.821313501548646571e-04
2.615194541565733386e-04
2.788209749239304214e-04
2.908176086073826615e-04
2.949764042671236455e-04
2.584942131509828213e-04
2.865033461643585891e-04
2.704254400246659828e-04
2.788126342539184554e-04
2.716941419893631970e-04
2.927780829277783540e-04
2.927563660569448205e-04
2.674982539357485334e-04
2.825598326289190890e-04
2.749612623242663660e-04
2.756325046615543464e-04
2.853232382428815645e-04
2.785739768055140288e-04
2.857473958522106436e-04
2.824429500562612456e-04
2.726005567879520738e-04
2.751905601488390690e-04
2.770751768724933218e-04
2.748963554426008676e-04
2.737408770763680946e-04
2.806415547288822264e-04
2.703645461008343008e-04
2.719180210944620139e-04
2.838904694103036716e-04
2.846385918738783397e-04
2.801796975731183303e-04
2.908796710216505349e-04
2.837844126541797939e-04
2.837397652248625085e-04
2.786690323648560730e-04
2.838636258124561398e-04
2.689955202590156732e-04
2.766489823966814172e-04
2.876517618615940359e-04
2.734993589045190787e-04
2.742862743200847643e-04
2.898320086950027384e-04
2.752711798122343847e-04
2.900012103343773740e-04
2.755673585840839749e-04
2.712955260913163004e-04
2.748231445044486574e-04
2.817562930372653827e-04
2.756761977523221482e-04
2.799862374573008103e-04
2.694182223972304614e-04
2.798813361154461302e-04
2.706818189246858143e-04
2.826418249151876785e-04
2.787151952347791529e-04
2.850012791637130381e-04
2.793509498001345249e-04
2.823874637650441001e-04
2.778975950366177291e-04
2.801876321272823143e-04
2.823725336587780562e-04
2.799411335371788413e-04
2.859450335575771415e-04
2.780544482164218410e-04
2.778942799819783495e-04
2.831897328200099579e-04
2.793898083818206345e-04
2.806631983017394017e-04
2.743388524561530314e-04
2.784978656225903172e-04
2.738265070843543415e-04
2.738401816789228491e-04
2.734991781037303502e-04
2.826016454743712726e-04
2.867394437780630104e-04
2.807895039444313081e-04
2.821365338851198668e-04
2.779215182562950136e-04
2.773646964223896961e-04
2.801404825826055069e-04
2.857803336413072544e-04
2.818637139556055544e-04
2.833175199353891744e-04
2.836004055201210182e-04
2.777311353204921446e-04
2.758493006804728104e-04
2.859810717183826280e-04
2.809427939512269281e-04
2.793987757610140584e-04
2.890846246238485740e-04
2.867323167086041581e-04
2.798325174275261592e-04
2.786691157488401438e-04
2.809852933449649443e-04
2.803332280402773768e-04
2.733888832968683251e-04
2.781021365063200972e-04
2.886871975230560533e-04
2.823264811147055907e-04
2.766498196532329954e-04
2.760032437684106017e-04
2.735105722193354209e-04
2.797865901878343348e-04
2.810078568760612642e-04
2.789903927948659797e-04
2.847907426381549533e-04
2.776051179423975434e-04
2.795897953075988668e-04
2.747901130044585094e-04
2.774236571341930383e-04
2.824962576308075028e-04
2.782872973825127670e-04
2.851070705740334265e-04
2.763463702578468567e-04
2.822948836347417031e-04
2.812366868189824132e-04
2.790050583865997841e-04
2.813760582107175615e-04
2.774632685128792858e-04
2.761608132800071535e-04
2.802289272255319109e-04
2.817911943824251810e-04
2.806527353763943228e-04
2.774668367320870760e-04
2.804117022775041578e-04
2.790234267691091893e-04
2.813765842316982954e-04
2.776786731655627415e-04
2.822542217018312758e-04
2.790797212685463017e-04
2.799768519007039824e-04
2.805590602772069946e-04
2.806640166994219237e-04
2.838966624698582744e-04
2.762957263167916191e-04
2.834385321866944585e-04
2.763724950022145000e-04
2.825438485891056768e-04
2.830402065678354557e-04
2.812921993269723434e-04
2.817016893827867284e-04
2.798980686779405005e-04
2.824452214218944207e-04
2.768829981740706845e-04
2.816234647276998418e-04
2.776798737911959428e-04
2.775242336104440533e-04
2.839551669403925682e-04
2.789390591341755501e-04
2.815797273721547039e-04
2.806531976899765963e-04
2.808945100514023837e-04
2.771121487567010616e-04
2.757632197437589376e-04
2.788675135436999948e-04
2.805661497683443160e-04
2.836185391760261674e-04
2.836181187480075962e-04
2.813216590288094556e-04
2.812028662608189724e-04
2.799167320650123507e-04
2.885092667170014022e-04
2.803137740114053952e-04
2.798228120874288703e-04
2.825368252879957185e-04
2.798481954371900534e-04
2.817434924728291616e-04
2.761681685003054268e-04
2.824866599483728921e-04
2.762917263204931308e-04
2.857284677198668101e-04
2.766301589266066153e-04
2.827420261277846123e-04
2.833685771368481742e-04
2.838021854049031182e-04
2.812509385134179469e-04
2.818885385033143096e-04
2.834910055153308951e-04
2.842267281906991449e-04
2.788383543525232381e-04
2.824722792392333820e-04
2.851049863513802378e-04
2.816862988843173198e-04
2.814911481689565207e-04
2.800889879387409662e-04
2.820168935904573309e-04
2.805732590565838546e-04
2.794656747102784332e-04
2.863529016285472394e-04
2.768380312333487605e-04
2.824925143630272330e-04
2.800275769262111441e-04
2.808776440566339403e-04
2.790908908492404717e-04
2.841411543375834195e-04
2.841851622968246923e-04
2.815139623173104730e-04
2.854895375858894769e-04
2.853582489079491439e-04
2.808134359682917238e-04
2.786386293149138173e-04
2.808641276391684130e-04
2.799563742160033871e-04
2.852162543294118886e-04
2.821332118555095391e-04
2.837243851913783151e-04
2.807353602976257203e-04
2.843921627382491567e-04
2.840245605256831230e-04
2.806269361691068821e-04
2.803224265951418108e-04
2.784044908541615697e-04
2.823952498946882849e-04
2.840069832245573317e-04
2.843713925794494226e-04
2.894252531085534318e-04
2.821390523303896861e-04
2.839083148928330880e-04
2.804177036352825084e-04
2.866062411303243801e-04
2.789965376032314598e-04
2.821618501294002640e-04
2.844256628438561257e-04
2.826264256419926406e-04
2.816771272347995533e-04
2.846977065214547188e-04
2.803530592020837776e-04
2.836735307424708796e-04
2.816959383861212954e-04
2.827825158141417561e-04
2.856996308714541879e-04
2.825539776873002627e-04
2.846296222570751330e-04
2.861995801791401384e-04
2.830006838867135839e-04
2.846323038217117075e-04
2.856419191286189703e-04
2.827100547683955296e-04
2.813190422874791634e-04
2.786099765885041582e-04
2.847612063398540774e-04
2.857641072993917942e-04
2.822836811778022957e-04
2.813782836504271365e-04
2.808229839473127491e-04
2.810995298281834288e-04
2.846320355402886431e-04
2.843012441839961441e-04
2.844731585847517607e-04
2.847001498311683412e-04
2.852264034491084005e-04
2.816591376296921699e-04
2.817216899728884161e-04
2.876050657695825648e-04
2.811706035158088542e-04
2.827706074267716469e-04
2.813637001828927001e-04
2.834706507537595489e-04
2.806180452158653425e-04
2.852412262801718888e-04
2.838315855612802505e-04
2.847432202895468114e-04
2.840376384328869653e-04
2.855152380348466822e-04
2.855615991740871216e-04
2.854870532936968882e-04
2.849654157397040356e-04
2.822541202458019342e-04
2.829414569088311237e-04
2.840617506055077650e-04
2.818235229610903413e-04
2.872407139774503710e-04
2.825927550046514842e-04
2.868317456615418221e-04
2.875164487251327650e-04
2.841238584929676363e-04
2.858246946859276582e-04
2.838906562988784913e-04
2.853374779154608772e-04
2.835658655469434171e-04
2.788329108562938351e-04
2.879494557196286093e-04
2.870757329653644808e-04
2.835724576832292622e-04
2.884596738974747943e-04
2.828555930547157300e-04
2.864335541709601518e-04
2.846589415034960131e-04
2.854358967856414136e-04
2.800569591104454595e-04
2.888458112409309072e-04
2.852097188839927797e-04
2.846551685800384154e-04
2.856388804474590312e-04
2.836549982684980755e-04
2.850546211201627610e-04
2.844248354875991616e-04
2.824366625641130078e-04
2.837124274895584924e-04
2.815002606952908331e-04
2.871288193433566634e-04
2.856406220690817753e-04
2.835358525430511987e-04
2.870095154828233809e-04
2.837132232268725868e-04
2.877437605253088801e-04
2.830071120499060250e-04
2.846253141531229422e-04
2.881234000353192614e-04
2.835513789899526439e-04
2.832747265502302695e-04
2.847157295467476665e-04
2.872205639624341301e-04
2.826995680848825459e-04
2.831045824491981982e-04
2.846653966121274440e-04
2.856321264208187653e-04
2.865349152606442565e-04
2.862673690323482337e-04
2.899764204610687972e-04
2.879890462011551488e-04
2.889241634941469052e-04
2.881383570415375146e-04
2.873575106597457923e-04
2.870221779008537205e-04
2.859445939090681367e-04
2.860674094269074000e-04
2.882830978450311404e-04
2.861237641145930491e-04
2.850021381915960987e-04
2.882559551543373072e-04
2.902449228242068562e-04
2.862730072505841679e-04
2.831657078899625667e-04
2.891674900692048399e-04
2.885138397258879528e-04
2.886933184998244644e-04
2.854855173439845820e-04
2.867156662454923644e-04
2.912456601702033149e-04
2.806455204221566975e-04
2.859069792257914870e-04
2.868861236115920221e-04
2.863685518071844792e-04
2.839704259278228306e-04
2.853563317851149630e-04
2.889760032966140458e-04
2.886227797970396464e-04
2.840029718314664793e-04
2.848108350369516189e-04
2.862971364179840326e-04
2.882740714400371931e-04
2.880217997184434438e-04
2.892158093767022717e-04
2.852687238551937553e-04
2.871049926448075457e-04
2.839227064094055090e-04
2.892888904219186107e-04
2.875125297971691560e-04
2.861782779253897301e-04
2.877689538713691392e-04
2.878088663961171417e-04
2.901958005000546798e-04
2.904435852162635077e-04
2.914926239612583331e-04
2.882757755178011819e-04
2.871391308957435746e-04
2.887512036505853960e-04
2.841921404717921359e-04
2.894223699286618758e-04
2.900789606692757744e-04
2.880633084609163382e-04
2.873856322930548558e-04
2.898933704854729726e-04
2.920434380634849233e-04
2.859339239637645361e-04
2.847093895759798886e-04
2.863780176787104393e-04
2.962641119223999179e-04
2.930829525377969132e-04
2.905897967376141490e-04
2.900921239839289586e-04
2.878287858234541692e-04
2.920386771314429286e-04
2.909751622309339394e-04
2.904622341908145934e-04
2.886933608587824397e-04
2.881442646067769713e-04
2.908547502217669837e-04
2.865356478017744421e-04
2.919779153803764922e-04
2.932419220340067825e-04
2.914586260367123521e-04
2.925852157102747206e-04
2.914809971719132327e-04
2.916692066504307512e-04
2.947568849962679685e-04
2.911015166154485440e-04
2.926952631702906156e-04
2.894095932605012921e-04
2.912689736609326585e-04
2.921504369708659309e-04
2.887010857912648116e-04
2.890173396826260766e-04
2.901339080152098783e-04
2.920195391939718848e-04
2.946620630127407014e-04
2.926477219686914738e-04
2.897564538014012507e-04
2.911486433185558951e-04
2.930120392432634707e-04
2.931183101324963251e-04
2.927571960680921438e-04
2.916786692591608076e-04
2.894838382929963727e-04
2.932181210762328989e-04
2.924471762010364957e-04
2.910314194752368529e-04
2.919541235901932318e-04
2.924151825052177778e-04
2.931732217811336937e-04
2.921850728694655431e-04
2.939007860950486350e-04
2.923098600197764595e-04
2.921911438550101742e-04
2.936470376039560437e-04
2.960749499554604430e-04
2.927174521802946823e-04
2.888159397730725043e-04
2.912674458306255113e-04
2.922895389421616163e-04
2.923114440365968394e-04
2.902576669682697670e-04
2.919947983278260023e-04
2.935656616723900277e-04
2.966371894688186583e-04
2.968964951911322379e-04
2.960219834240540408e-04
2.923718657922243550e-04
2.923265973284283983e-04
2.922814055571391705e-04
2.955269176813585317e-04
2.950132680594750104e-04
2.941551099657425039e-04
2.924577646941546052e-04
2.947274732951806072e-04
2.940583480694710684e-04
2.908068647843152911e-04
2.944741770761339478e-04
2.972283440665798816e-04
2.975184431662166481e-04
2.927714862767433115e-04
2.960427485409608734e-04
2.975788395399763865e-04
2.981823707324427635e-04
2.956291904297581150e-04
2.929874710435208447e-04
2.949469492471000097e-04
2.961801362384692366e-04
2.915750341888997846e-04
2.941278551645977565e-04
2.923217905408474738e-04
2.949874714985551241e-04
2.958990132265133842e-04
2.938558670970080572e-04
2.952848365693633032e-04
2.947434631904005654e-04
2.974562051577855416e-04
2.943647001202434935e-04
2.949863226594841032e-04
2.956088230509480805e-04
2.928743897571496656e-04
2.946238157775647368e-04
2.962034820787689767e-04
2.936693743090813260e-04
2.937166074436833711e-04
2.948746111509907997e-04
2.939575050064520390e-04
2.946662349212785166e-04
2.951644266866645656e-04
2.952873208305983963e-04
2.940058772265309052e-04
2.951002216543555318e-04
2.906097761390550390e-04
2.934054837377808437e-04
2.952089235423182873e-04
2.926179462912522331e-04
2.948223648432265706e-04
2.933247044380895923e-04
2.949996902136400932e-04
2.947943378215714676e-04
2.914845819830815758e-04
2.986792893357102211e-04
2.955060771029266497e-04
2.973545355229164299e-04
2.971618507873185762e-04
2.969168176521789159e-04
2.942903286020759454e-04
2.944614864853445607e-04
2.965725623494568693e-04
2.951745631465901680e-04
2.944295151107603303e-04
2.952709578614090427e-04
2.925006196209730823e-04
2.951519761820908978e-04
2.936085154600855834e-04
2.925666267151754330e-04
2.959353138153018609e-04
2.957275675395875064e-04
2.941050813584200185e-04
2.947163313891826850e-04
2.903964953214425017e-04
2.975659708463574771e-04
2.948387679074473858e-04
2.966552616881674986e-04
2.944193079941299029e-04
2.972931266142205876e-04
2.966887400411618984e-04
2.974327608781689365e-04
2.955654343624618176e-04
2.941137976085356773e-04
2.936156713419475826e-04
2.931173719777778637e-04
2.961011176831541318e-04
2.900962199152077843e-04
2.949404298924697583e-04
2.955436774748909645e-04
2.959769046745457663e-04
2.915714087644794765e-04
2.917827678035862598e-04
2.967780468342445278e-04
2.970690449293461708e-04
2.956857654692797714e-04
2.963521416877669314e-04
2.955499798025357488e-04
2.965419012684053848e-04
2.939014896928018828e-04
2.929815438506277732e-04
2.949131275314065509e-04
2.929764337771302313e-04
2.925954108693435795e-04
2.958502225360279706e-04
2.923948964101102770e-04
2.934547264325502482e-04
2.925861139556551948e-04
2.958856519011059767e-04
2.944030538870822896e-04
2.942557073475844166e-04
2.930480390425329500e-04
2.956179647912718562e-04
2.972817446083430171e-04
2.906808367489404016e-04
2.947545020306049034e-04
2.935620714975717849e-04
2.945552285816843436e-04
2.956267478883844199e-04
2.966796414152315258e-04
2.959941936078589104e-04
2.969399169742961610e-04
2.956304395261183143e-04
2.944733248116184767e-04
2.950808459765460047e-04
2.978713894147238909e-04
2.960230498421204700e-04
2.954871684362570059e-04
2.940934526889262663e-04
2.949372887228706428e-04
2.939498041110700480e-04
2.970370465592562831e-04
2.955931157912138302e-04
2.954333092435714532e-04
2.953766513034903327e-04
2.957218292345783930e-04
2.927689815199173711e-04
2.960634098423177451e-04
2.928514116044137524e-04
2.963678407254564462e-04
2.962904152211381231e-04
2.957127423442428840e-04
2.924180190199022079e-04
2.922640258397197197e-04
2.928801087224520224e-04
2.944971404554949548e-04
2.944151658012691096e-04
2.984379013614011289e-04
2.959755738339566681e-04
2.947091844762348930e-04
2.960709685232150814e-04
2.913933600176914196e-04
2.972618097472837641e-04
2.949013740898555292e-04
2.958383327140414669e-04
2.936477332564837593e-04
2.957287727945583111e-04
2.963697082754228438e-04
2.959278457029637416e-04
2.965652244856710365e-04
2.946904101535468266e-04
2.967963129585479069e-04
2.929681634020569179e-04
2.961032986284706193e-04
2.930107572750011310e-04
2.963047234021837510e-04
2.948734482461063235e-04
2.969226631784381370e-04
2.965162755483051254e-04
2.944455723723134492e-04
2.959112461929468271e-04
2.942487594754121852e-04
2.956735191516227188e-04
2.944416254891969449e-04
2.973176750095172073e-04
3.005162438344488010e-04
2.953414409630357972e-04
2.956199534579456289e-04
2.933328676355940025e-04
2.974670922536881853e-04
2.945229511989622844e-04
2.974718125826008685e-04
2.953827884231998400e-04
2.957297942269373646e-04
2.977598993671964184e-04
2.981216676535356890e-04
2.980382769187829160e-04
2.965495588185666797e-04
2.949166871584677071e-04
2.991748362499756036e-04
2.944347317185604107e-04
2.970299237226568822e-04
2.977799312575653886e-04
2.994208342457983676e-04
2.962037858710550630e-04
2.973419688904763245e-04
2.964392510404801370e-04
2.961448463182554149e-04
2.980332265511525776e-04
2.966677420456634382e-04
2.978956329535106828e-04
2.989418926664289987e-04
2.961901708676001202e-04
2.984198016574420519e-04
2.982165617225530398e-04
2.981215173824977799e-04
3.019608282958269351e-04
2.972339892513545983e-04
2.989571462182390995e-04
2.959253815809696720e-04
2.980785097397561163e-04
3.000036279524866882e-04
3.016223116872595320e-04
2.988821034606473732e-04
2.988841318463234843e-04
2.989358584393294509e-04
2.982819631102860344e-04
3.000095631349048711e-04
2.982962625809572809e-04
2.981462692700874027e-04
2.992190813787325653e-04
2.988647310867690622e-04
3.000832421160545610e-04
2.994374811148273934e-04
2.972682473064496792e-04
3.024416371331787624e-04
3.009258514842995825e-04
2.985920591870442394e-04
3.007305586206349677e-04
3.026609200929057880e-04
2.974114724393839217e-04
3.006129126064739122e-04
3.003354178533425203e-04
3.012419132916970411e-04
3.020687185460937279e-04
2.990725730171170989e-04
3.004850389614667234e-04
2.981675513007602039e-04
3.020773483088462713e-04
3.056795055776955383e-04
3.030498261800074417e-04
3.012565621687793185e-04
2.994102601810615452e-04
3.020716995652677496e-04
3.005973144237938000e-04
3.003690377427236974e-04
3.015300776540310950e-04
2.996104756446021141e-04
3.016021296545806814e-04
3.028010717504913481e-04
2.989541083642780384e-04
3.035267440675430196e-04
3.012837533067047298e-04
2.998485337006422937e-04
3.036268645754540180e-04
3.019040675821755616e-04
3.023456871168302639e-04
3.010585302038368792e-04
3.022856213509381054e-04
3.004838274903085774e-04
3.037561061955070560e-04
3.037397932210553816e-04
3.025807498501833495e-04
3.009250426507835223e-04
3.034673341653438606e-04
3.056468687772772447e-04
3.036202744335927094e-04
3.016679377972263597e-04
3.024227041467169533e-04
3.047409202855921027e-04
3.015855087815716082e-04
3.024022399210821968e-04
3.045901604403071267e-04
3.023252324515913851e-04
3.015827919295233149e-04
3.016456343962147760e-04
3.047925911015078202e-04
3.032056553511768850e-04
3.007312545489998165e-04
3.007910071645942900e-04
3.052326373456902835e-04
3.049167381930441463e-04
3.030221310452376089e-04
3.050521765670112214e-04
3.050651957561865231e-04
3.026001787406090477e-04
3.025905174586447687e-04
3.016089377849993708e-04
3.046231674459412412e-04
3.052963217750683813e-04
3.040308144203879011e-04
3.039892584415050192e-04
3.039561983652105709e-04
3.027575426060294048e-04
3.032766351045344485e-04
3.047694940435194551e-04
3.043454954097859762e-04
3.028784827367302242e-04
3.043056162130336646e-04
3.032279882599250550e-04
3.050494608384322470e-04
3.050941747301939128e-04
3.037102233762697424e-04
3.038605023852086100e-04
3.036591722086848808e-04
3.026082353136834153e-04
3.036818892983748300e-04
3.039185950041675449e-04
3.045847255599848651e-04
3.037189267214629907e-04
3.043023886480241921e-04
3.030149000009121712e-04
3.038587248341605780e-04
3.036838357920063633e-04
3.027572907520546634e-04
3.034804005561790065e-04
3.034709150149938616e-04
3.051012175191963991e-04
3.053307347672378630e-04
3.055922053163436089e-04
3.065466445617224525e-04
3.039794843012542762e-04
3.021688398332385002e-04
3.022091770562562729e-04
3.021285479440376687e-04
3.028768225022245779e-04
3.029549883138148202e-04
3.047365025784080938e-04
3.071401205676533176e-04
3.047590704317566595e-04
3.055478550735661321e-04
3.028884519768567838e-04
3.016918543279139501e-04
3.072588917786904755e-04
3.042866571131515644e-04
3.050626136453255671e-04
3.021867304841558267e-04
3.035957823934497062e-04
3.039524205906910925e-04
3.048245919584026864e-04
3.014151922031316384e-04
3.036265984622284870e-04
3.054518739278906528e-04
3.042729870144502769e-04
3.026378334050216666e-04
3.001630971120239810e-04
3.057662842180758453e-04
3.018689586474712508e-04
3.025062244004597146e-04
3.039288776593378595e-04
3.017154943405018358e-04
3.047622511542620268e-04
3.038827250217389906e-04
3.021698990016413863e-04
3.058943264884059405e-04
3.004704530974642803e-04
3.014293455026232325e-04
3.039631222094138973e-04
3.050259640038922838e-04
3.040025371004795372e-04
3.033843437137630932e-04
3.007970339968848430e-04
3.037215912228246727e-04
3.014365309776696885e-04
3.020126963571103697e-04
3.055890381399478423e-04
3.051641562827430072e-04
3.021268252705614703e-04
3.034132053667974510e-04
3.006972746155292075e-04
3.031811769882215737e-04
3.031239241379135780e-04
3.015525725226418869e-04
3.034613399547056488e-04
3.044079451245151370e-04
3.032322866561316249e-04
3.067221555246732673e-04
3.030794210551728679e-04
3.023131623034458742e-04
3.016898610006881224e-04
3.052555158613828434e-04
3.036031631179785971e-04
3.025782210094584172e-04
3.046940108225818650e-04
3.031992816891812396e-04
3.044402005744364600e-04
3.042488249657703567e-04
2.998752935561542227e-04
3.017647899805193067e-04
3.040076825483309158e-04
3.028227514113670561e-04
3.011824368419962149e-04
3.049056042193693168e-04
3.007752124780097209e-04
3.021855809727155276e-04
3.030339342586579280e-04
3.018158131192255253e-04
3.025024703612661154e-04
3.039846100313673078e-04
3.037510035103359557e-04
3.034090663491165033e-04
3.013976453496455907e-04
3.049548728626812980e-04
3.011076955662148709e-04
3.036407904325082781e-04
3.007447282317503800e-04
3.021984057552254215e-04
3.001338745580189480e-04
3.023366184495607689e-04
3.017066996865946341e-04
3.026748500361009790e-04
3.009243172529435279e-04
3.024748568316969069e-04
3.036966872478422401e-04
3.038441108410819724e-04
2.983077648600024703e-04
3.011786298054308793e-04
2.999992268827474649e-04
3.024962086623919156e-04
3.003276248062921802e-04
3.007256793230300164e-04
3.032306797928382676e-04
3.030095843251419548e-04
2.994602317930524535e-04
3.028157312714712811e-04
3.011304959577026257e-04
3.019411837321777617e-04
3.038568151498324257e-04
3.035865274438420236e-04
3.019995724453960508e-04
3.006845168471221309e-04
3.024216735706147406e-04
3.012265959048511586e-04
3.027406426678514091e-04
3.046102797950825825e-04
3.021349869865479557e-04
3.004100878648857556e-04
2.978299392631432799e-04
3.014504300776720794e-04
3.032205786721354785e-04
3.014040059377388696e-04
3.032108989908258927e-04
3.015584500855123190e-04
3.007512806675369352e-04
3.026911359900352652e-04
2.989955201592629178e-04
3.046862769331617625e-04
3.000278968985247612e-04
3.003106091582514320e-04
3.035472940305967851e-04
3.023022099143056712e-04
2.995440423219292224e-04
2.998561554167752442e-04
3.019088650952041143e-04
2.997198421269051507e-04
3.018312694569382794e-04
3.012907533866063118e-04
3.003503688510033524e-04
3.028275506383714668e-04
2.992314591850530540e-04
3.021803966394778101e-04
3.013868145376632341e-04
3.005878569957544724e-04
3.020721737348460801e-04
2.994283624874041001e-04
3.018859502709114935e-04
3.015902506427115188e-04
3.024712813118111509e-04
3.034512558710185381e-04
3.017067424483057441e-04
3.014997467026212245e-04
3.022628735608140450e-04
3.012851850101126304e-04
3.022894961754980054e-04
3.020303039120259231e-04
3.024196800111432124e-04
3.029315584294105593e-04
3.036496893938456319e-04
3.001537517769513981e-04
2.996139028628609776e-04
2.993706067872980623e-04
3.019454947855576554e-04
3.030237883015920010e-04
3.017401500238845314e-04
2.995948235240865213e-04
3.025039829662800684e-04
3.015694637140763730e-04
2.998852663147416413e-04
3.006026280639671733e-04
2.995793023034167956e-04
3.022869829188740316e-04
3.011251162826079062e-04
3.008690980734294728e-04
2.983518924015047201e-04
2.994083071517718753e-04
3.032600465622802563e-04
3.017883755889175972e-04
3.027061528469348955e-04
3.001463117716064656e-04
3.014308205861371184e-04
3.013280167200226229e-04
3.033803041346468956e-04
3.024122451616043463e-04
3.008779752884385640e-04
3.009873403653272957e-04
3.021928633796688206e-04
3.026134700531600487e-04
3.012386438567222287e-04
2.996819941187774160e-04
3.019138323369050273e-04
3.034506446426376951e-04
2.996163755804427762e-04
3.046905728933800724e-04
2.990437581033085121e-04
3.026961239615953052e-04
3.019335213524123565e-04
3.019199989241102525e-04
3.047709465342094619e-04
3.020545131235414377e-04
3.040571963371366455e-04
3.059490083204525297e-04
3.002994494820962024e-04
3.027440022381780948e-04
3.008795940189072952e-04
3.022608251229260898e-04
3.030831046051253412e-04
3.043693760021133686e-04
3.048340632674593890e-04
3.042736030693670465e-04
3.019914933704674078e-04
3.047469399825392328e-04
3.041306072250510068e-04
3.029815242687048564e-04
3.018186385563829304e-04
3.030456673232169180e-04
3.041400183026386999e-04
3.040845928146334665e-04
3.049484107748564395e-04
3.056521831157201852e-04
3.042363098915160319e-04
3.086586428706436665e-04
3.044500733611312437e-04
3.056372968910958427e-04
3.062045333652152457e-04
3.053610848067984983e-04
3.051926855058131123e-04
3.038623556726394105e-04
3.056999535360313178e-04
3.049204334540470433e-04
3.040826544349896593e-04
3.070998627784070627e-04
3.084899595165242932e-04
3.037401829763852800e-04
3.042663385925325689e-04
3.036354145838036640e-04
3.043718439097607069e-04
3.051264962432583103e-04
3.076329536594620668e-04
3.091893916454921030e-04
3.080454023288251041e-04
3.064661565640947809e-04
3.057907766847833397e-04
3.077202460538216739e-04
3.067142844358644875e-04
3.095084876755221492e-04
3.063636210178839617e-04
3.066070548848013212e-04
3.089804680967757366e-04
3.065032683953128811e-04
3.098178539748320842e-04
3.098247915072960051e-04
3.078884653916942344e-04
3.109784210081884383e-04
3.092954418040430695e-04
3.082740040657455530e-04
3.095316469468379944e-04
3.062613310118999653e-04
3.098816378227978565e-04
3.096587428218181980e-04
3.096127344485006226e-04
3.092360687375366639e-04
3.088283667659039210e-04
3.116910429983303274e-04
3.100172769166585456e-04
3.102314777857501506e-04
3.104017435375309411e-04
3.112230673575235962e-04
3.078869076223328134e-04
3.101026736171288533e-04
3.115711522256576593e-04
3.113236592563434863e-04
3.110180535287244584e-04
3.063428606561795458e-04
3.103515004678947167e-04
3.100196758002079773e-04
3.116389121996727182e-04
3.108494470290599598e-04
3.100569964005483472e-04
3.137670496111106362e-04
3.120095666345576620e-04
3.143244620934261806e-04
3.118613495174075577e-04
3.085662669989220220e-04
3.118776307587968737e-04
3.106956351710828774e-04
3.126241171616596674e-04
3.103192505594503932e-04
3.114537699898135554e-04
3.118627548680539055e-04
3.137400032784742410e-04
3.124628405285061758e-04
3.150369310249824073e-04
3.117890161475376587e-04
3.100229535024271550e-04
3.116709758230916047e-04
3.110345784970427671e-04
3.102840850975469825e-04
3.096727857283331311e-04
3.122955982255007975e-04
3.121887496529727004e-04
3.106253798352929672e-04
3.101096458513614680e-04
3.140839866222712353e-04
3.135100347201895312e-04
3.110396477119533958e-04
3.153224154687046745e-04
3.129770530529187565e-04
3.090661977094789274e-04
3.102857706611141767e-04
3.116042705987140567e-04
3.128767439261912289e-04
3.109971773498404111e-04
3.098864178239031284e-04
3.120055563574029834e-04
3.113615814636829914e-04
3.120010201434863357e-04
3.120008325014366510e-04
3.121550655108479896e-04
3.121317958289150261e-04
3.155710975810259466e-04
3.122904247464075946e-04
3.090365145180119094e-04
3.130142059044648331e-04
3.112495707053045081e-04
3.157393188833979253e-04
3.157333022257242179e-04
3.126800144119393828e-04
3.129072175237306540e-04
3.106689217236511267e-04
3.121581859180454330e-04
3.120042154326824928e-04
3.119872648535190599e-04
3.121968344139206528e-04
3.101912588939564831e-04
3.125779955069568432e-04
3.116526109891580749e-04
3.125172126317736824e-04
3.104515871125776297e-04
3.110399759164524016e-04
3.130967567784967605e-04
3.131799372032411386e-04
3.112804795583946644e-04
3.088737028206510514e-04
3.110377483238060351e-04
3.153388178083380532e-04
3.119735644192253360e-04
3.142250383907749960e-04
3.100907056244988887e-04
3.131493805946876895e-04
3.127844563296970442e-04
3.093749563861343055e-04
3.089188589972958598e-04
3.126741571300863760e-04
3.105814150818332576e-04
3.105900863750567578e-04
3.112730798997044601e-04
3.113457629409938370e-04
3.106705145723357830e-04
3.098806273149914102e-04
3.105664828350308219e-04
3.098797950335528727e-04
3.128875109393742257e-04
3.096719170866385333e-04
3.082964073534209099e-04
3.122347421063503218e-04
3.125706085247550786e-04
3.096446576565975613e-04
3.095679380156150643e-04
3.104049809667856850e-04
3.078078800779481829e-04
3.111041726477166880e-04
3.114599009714547648e-04
3.108068146129819471e-04
3.082428964141075149e-04
3.118462272147963575e-04
3.117417900783211624e-04
3.098260806014284429e-04
3.095431172482219421e-04
3.107924508296424455e-04
3.106421292236394641e-04
3.107748630459188457e-04
3.107377733746319705e-04
3.086378421623980385e-04
3.101310818218825510e-04
3.106364380106028163e-04
3.091295505111718600e-04
3.108808590543607193e-04
3.104774805564839584e-04
3.117952718141142046e-04
3.104588113280454384e-04
3.082039995669116667e-04
3.098189226009583118e-04
3.092455063404228621e-04
3.090055806823713280e-04
3.090288475795947625e-04
3.103081527546926546e-04
3.090884236907745822e-04
3.085281048019634649e-04
3.088100200667497682e-04
3.095501568040057226e-04
3.099638317069448651e-04
3.097428338070252183e-04
3.099778570810422232e-04
3.096980258097941502e-04
3.108509254569337909e-04
3.074283209521199681e-04
3.090924394491119886e-04
3.098269531767509867e-04
3.088792599736653929e-04
3.077523812079211905e-04
3.066510192490014427e-04
3.106846250752175339e-04
3.090688137643917170e-04
3.088494602199057335e-04
3.085238081991210175e-04
3.075721850601570201e-04
3.079978680338805726e-04
3.093971262645624914e-04
3.071941838754009622e-04
3.103478026183362562e-04
3.093605865588896272e-04
3.076995771652321480e-04
3.095430973142421823e-04
3.082984643910069130e-04
3.071698659015143764e-04
3.099925271805828615e-04
3.077979243177179133e-04
3.095750456137434984e-04
3.084352168362178423e-04
3.088857602364614651e-04
3.105050587503441445e-04
3.095394732040263703e-04
3.067396854945121654e-04
3.095045687019908781e-04
3.098761185765521679e-04
3.095584984194379714e-04
3.071921664806545886e-04
3.073930821627611216e-04
3.098319531868899820e-04
3.074266277602682681e-04
3.087860007472371460e-04
3.083622371549300930e-04
3.088627006599873573e-04
3.081343955405414022e-04
3.100246002533843764e-04
3.091895120211765125e-04
3.072651359592766941e-04
3.077090930119386774e-04
3.083259092918318525e-04
3.075390330643287926e-04
3.071541947649999928e-04
3.075897401299098190e-04
3.101432598422282751e-04
3.076235370007490222e-04
3.083856544310951942e-04
3.064838400857107666e-04
3.079336241330906223e-04
3.095191643557787856e-04
3.101442132111704975e-04
3.082351408106884867e-04
3.094756818524501806e-04
3.062391748688430182e-04
3.076097496572785571e-04
3.081651435121510576e-04
3.061334833794840003e-04
3.079556867434330640e-04
3.090909017686639562e-04
3.096993599216034030e-04
3.055111556439131862e-04
3.084453454224941752e-04
3.098127184440599077e-04
3.080876862094869854e-04
3.059641853141620055e-04
3.089921287509005241e-04
3.077041535155327040e-04
3.081533468973914839e-04
3.088596473638197549e-04
3.085841516427099301e-04
3.085657841217753338e-04
3.091754984213868117e-04
3.065724558150392689e-04
3.085725725714016541e-04
3.091658756106473822e-04
3.074080638142523392e-04
3.107036294761842407e-04
3.071288308949788421e-04
3.093096300253778586e-04
3.100131381314343384e-04
3.088657181246431569e-04
3.109253150893666350e-04
3.087968765774723543e-04
3.081228574071456913e-04
3.086125430935073868e-04
3.096129369218434562e-04
3.109210841153644406e-04
3.086678676427274579e-04
3.104916575048893802e-04
3.095954467538953995e-04
3.088879130052357442e-04
3.097652838286056240e-04
3.109154720764195005e-04
3.083362003304485023e-04
3.115530526363406022e-04
3.113520522202472066e-04
3.089161976107045009e-04
3.114731367223056682e-04
3.108659705767948369e-04
3.115469296082714929e-04
3.111270419925674276e-04
3.109149670836904434e-04
3.096225358846606593e-04
3.117720660773030082e-04
3.102009094109852696e-04
3.137395616477163442e-04
3.123834696406262005e-04
3.115846303649182536e-04
3.127185128030782364e-04
3.111628808410700324e-04
3.115403221924736171e-04
3.110648792884076032e-04
3.121420284734068538e-04
3.100806668257896940e-04
3.100667836282639585e-04
3.135252837980470652e-04
3.115303396202286621e-04
3.112694848910946472e-04
3.130858946926999196e-04
3.130515380532367933e-04
3.114371338890236946e-04
3.138044427125630535e-04
3.108770548405576984e-04
3.131188980286335856e-04
3.125476792548530897e-04
3.141421229539598410e-04
3.112517620104675482e-04
3.131748103371724112e-04
3.136682083116921886e-04
3.126599145365659593e-04
3.153086758035663576e-04
3.132493159145327967e-04
3.140595965892854021e-04
3.145108684117208387e-04
3.136841043954249225e-04
3.123308986895541838e-04
3.150467080933601837e-04
3.164817626761756535e-04
3.134568724363082440e-04
3.164913009088890223e-04
3.137299466010952018e-04
3.146179171253147113e-04
3.147412317401926288e-04
3.160572074472814798e-04
3.153003429632851248e-04
3.152248724156466852e-04
3.171337208130523000e-04
3.173102552140959600e-04
3.167792534040606445e-04
3.138823394348855549e-04
3.172826222849624940e-04
3.157418813990943061e-04
3.157483296460368940e-04
3.191696319387542073e-04
3.141958062400594383e-04
3.147237140085107246e-04
3.152948216399870931e-04
3.139901281561579345e-04
3.171778319078131744e-04
3.189323361194152480e-04
3.179473328783752112e-04
3.167063366352902676e-04
3.182856150999047325e-04
3.164433207674209451e-04
3.173535205475175075e-04
3.182999323816130752e-04
3.152851937130833897e-04
3.189633074694446686e-04
3.170850850519726168e-04
3.180190045194576220e-04
3.155365299216445385e-04
3.160021424954548492e-04
3.181713316737387804e-04
3.163696304328514775e-04
3.178497224375518237e-04
3.192859261046713474e-04
3.173277983980541100e-04
3.173830907392342351e-04
3.158491970881431056e-04
3.152749146133955894e-04
3.162597686932761823e-04
3.153151307082694972e-04
3.169170186523974993e-04
3.175227502385577342e-04
3.182153546088631085e-04
3.191076116774389576e-04
3.179303827062810134e-04
3.186505572202069539e-04
3.192327087489692586e-04
3.174272600841405935e-04
3.189072026989021522e-04
3.185070028928134759e-04
3.171190344435630029e-04
3.164045349544220161e-04
3.195481678420035985e-04
3.179148431165110473e-04
3.160240411967408787e-04
3.196133940809340137e-04
3.165495620114459614e-04
3.181821123176879437e-04
3.181301852250593759e-04
3.183504474277784884e-04
3.175346225681664660e-04
3.202289956287495678e-04
3.175519889979444761e-04
3.174588965389505638e-04
3.178832532986721631e-04
3.190226326331573633e-04
3.185453925379977055e-04
3.188290074955561163e-04
3.187181592919229750e-04
3.180639099966253019e-04
3.164603494369297660e-04
3.169159038835754876e-04
3.184491433848024577e-04
3.171027566313488707e-04
3.191316438998386719e-04
3.180115033640092083e-04
3.176609716482983780e-04
3.173234444575650961e-04
3.151951553137745301e-04
3.167394166931629569e-04
3.201703023153033172e-04
3.180967870960496038e-04
3.156480122721840530e-04
3.171320711243650497e-04
3.187010979083542859e-04
3.188871068882341694e-04
3.173929905748117380e-04
3.176409552052588043e-04
3.160620896737292005e-04
3.183839779326021299e-04
3.208378287492052528e-04
3.168485434417966625e-04
3.178924419362892250e-04
3.184142446543517272e-04
3.162185701764880555e-04
3.162621300654238059e-04
3.175813363588213234e-04
3.178001350959712749e-04
3.185639212121084462e-04
3.164216820344829253e-04
3.181306957379940905e-04
3.169983162347244179e-04
3.160507607077090754e-04
3.174466591376107400e-04
3.163333006394749799e-04
3.158167163812998892e-04
3.167966271825055228e-04
3.169139372425076634e-04
3.179364736580361870e-04
3.168428701262256965e-04
3.164814460346879383e-04
3.151973590924301324e-04
3.193268438389641295e-04
3.170646220284348759e-04
3.151558459861072991e-04
3.159997825440950836e-04
3.183232423025222522e-04
3.150114489706938711e-04
3.175805117581075488e-04
3.165967550821756479e-04
3.127938812625755127e-04
3.190455111009407097e-04
3.153592478657387039e-04
3.158623253439277211e-04
3.166455060828831216e-04
3.149167654384017268e-04
3.148094655838540637e-04
3.149649681185293960e-04
3.166613506554682945e-04
3.163318747716854177e-04
3.150110497690611832e-04
3.170129820609650807e-04
3.128912035115405019e-04
3.159367156920431241e-04
3.142358968915977225e-04
3.144890803789418825e-04
3.173896735531493512e-04
3.170042801758915637e-04
3.178076360839784866e-04
3.154467047704076575e-04
3.157742720989127399e-04
3.161308507564246427e-04
3.137230509103285428e-04
3.142633813460637862e-04
3.135033045482240113e-04
3.155772713064743475e-04
3.146258234142102058e-04
3.156122228029763720e-04
3.148002969418644431e-04
3.145131784437230570e-04
3.161566362441970844e-04
3.125315923210042089e-04
3.131619618513835400e-04
3.137095554048305399e-04
3.140572633285360787e-04
3.145436896516523822e-04
3.155521717083468992e-04
3.139738317681144510e-04
3.126649710887854884e-04
3.129500863089710282e-04
3.124376484562362347e-04
3.119030985000153665e-04
3.133255307523332908e-04
3.134797908537607057e-04
3.140171131344437474e-04
3.144376861907099236e-04
3.126286072952983212e-04
3.133214131148181559e-04
3.113508249457031711e-04
3.133216319442659365e-04
3.124020603020410654e-04
3.140079139843462053e-04
3.141543851079103790e-04
3.116419841199167227e-04
3.157755882803692064e-04
3.137813186613472110e-04
3.105284328107409879e-04
3.143028685209463789e-04
3.112772907461018308e-04
3.128368333197771535e-04
3.136988246229885499e-04
3.138881909472086341e-04
3.127199417485272367e-04
3.125998210701740293e-04
3.111135815621181386e-04
3.127452260852541031e-04
3.138693802826433604e-04
3.119140040353819959e-04
3.130246939911201761e-04
3.098470924928767235e-04
3.096430956593887928e-04
3.131240107082706612e-04
3.134209103443568812e-04
3.100351847180266365e-04
3.101676482845068875e-04
3.114942303557978551e-04
3.105807685671294516e-04
3.117882971611490037e-04
3.102250138994616787e-04
3.130806501446865451e-04
3.119259971911898170e-04
3.099817620785598428e-04
3.122980772747122611e-04
3.105148504233581604e-04
3.105968658305793850e-04
3.096211825427968461e-04
3.117105673679442749e-04
3.095576331207880731e-04
3.112583382708909740e-04
3.103062069850710575e-04
3.112598491931036220e-04
3.100705079229089368e-04
3.095093840991616232e-04
3.111794021587193813e-04
3.106366696086614184e-04
3.117525861972410771e-04
3.112165971503309835e-04
3.111071446869330360e-04
3.072559339810610412e-04
3.101283497919413525e-04
3.110043551984200262e-04
3.117821205174589995e-04
3.116337138316883286e-04
3.110287328693059090e-04
3.093271672707007371e-04
3.097415839112652473e-04
3.106921260672081586e-04
3.106083669435233418e-04
3.091061271127067719e-04
3.104214254530323572e-04
3.100111080813407085e-04
3.109636234293171059e-04
3.086271425301999479e-04
3.108777091208259546e-04
3.091982604309873256e-04
3.098371757528808174e-04
3.079812410352047395e-04
3.116882925673562072e-04
3.103429354313167344e-04
3.087284517169256132e-04
3.096057538540916330e-04
3.111604905050977974e-04
3.094057820617067997e-04
3.113827316457592445e-04
3.106206754052971242e-04
3.104601381725645686e-04
3.093203674041247286e-04
3.084371859675093513e-04
3.100409056069529596e-04
3.108506779208428821e-04
3.105122311222658412e-04
3.106663180218446137e-04
3.087064504087108792e-04
3.103351452200461824e-04
3.109957424267450273e-04
3.111758305205833105e-04
3.104142173463773457e-04
3.104959091297480336e-04
3.102417211513845935e-04
3.108445047717857380e-04
3.113685192901262714e-04
3.115966823324527765e-04
3.104524316021383757e-04
3.117682294146573835e-04
3.102559522611516630e-04
3.110394340944067299e-04
3.102318701759456819e-04
3.118416585169340549e-04
3.105651296645116095e-04
3.104125576689649164e-04
3.113404887724266230e-04
3.124025972558664354e-04
3.114274621921302969e-04
3.139757599988576039e-04
3.099405653643010875e-04
3.116998856987040741e-04
3.121269546633011834e-04
3.101443872161372371e-04
3.129248811342368237e-04
3.115578278834728342e-04
3.139732969430477846e-04
3.122176700137953634e-04
3.103484556135271077e-04
3.136852899973386591e-04
3.120612152154911864e-04
3.128547933525965049e-04
3.139770095971433986e-04
3.115317889170624651e-04
3.140061077321226767e-04
3.143491000578484086e-04
3.129170113310608854e-04
3.146608506071089180e-04
3.140220125983813324e-04
3.136623396371456441e-04
3.142346343672612900e-04
3.126451080631637361e-04
3.139078636047562716e-04
3.144451419854146930e-04
3.123414900113992919e-04
3.154704126871917523e-04
3.132308045574316445e-04
3.153115114805945629e-04
3.152291677349348151e-04
3.145904428011083429e-04
3.142167067059283979e-04
3.149215767562702005e-04
3.136493741537723008e-04
3.147589371507066437e-04
3.137415881751302676e-04
3.145825478640498535e-04
3.166060853625816789e-04
3.142968925320033702e-04
3.130956756306440387e-04
3.152651977712383623e-04
3.137457327681977761e-04
3.174325258288990649e-04
3.146442749316384819e-04
3.145647290574177138e-04
3.167049533130578435e-04
3.166078339154364870e-04
3.174761557974207756e-04
3.172551840544618950e-04
3.173692157300021300e-04
3.184239888702876538e-04
3.152552120982094548e-04
3.174989496908761665e-04
3.165564173542490434e-04
3.143098990730598999e-04
3.155030417585143079e-04
3.164971769695927909e-04
3.171087155519088227e-04
3.160163961724435019e-04
3.182568484630767035e-04
3.175942373728389773e-04
3.177146083181471310e-04
3.177243646260101808e-04
3.176796011608100075e-04
3.184386861375527425e-04
3.178150793027209034e-04
3.167810091145314240e-04
3.197122813492450535e-04
3.177008094181838697e-04
3.183951927706743859e-04
3.169124772390195474e-04
3.169046281049918055e-04
3.185382182875572924e-04
3.206617080696363151e-04
3.172960758321819569e-04
3.170292747360806498e-04
3.179670499594705884e-04
3.206163899488318728e-04
3.191562456627413617e-04
3.178848687164428509e-04
3.174825165504236986e-04
3.187393458935698751e-04
3.183627597462605177e-04
3.195852032775515269e-04
3.185551985734440261e-04
3.192317059160937071e-04
3.193509871930475604e-04
3.182251063287713051e-04
3.172888248603949828e-04
3.185758210966141272e-04
3.201906578156958312e-04
3.179522369792934827e-04
3.185203684025440731e-04
3.194163838217351837e-04
3.200807939745706990e-04
3.176555056166506194e-04
3.188814899980744761e-04
3.177434524237891843e-04
3.175610563220925020e-04
3.186648854487278719e-04
3.184231717899827082e-04
3.190664618838161444e-04
3.214529481314579596e-04
3.202059206027809660e-04
3.188848664914256128e-04
3.191617604975647594e-04
3.204417162513640226e-04
3.181020815188817172e-04
3.193821508633366336e-04
3.196583036232129513e-04
3.195232688331152708e-04
3.185279973021230815e-04
3.191085057875519453e-04
3.198686445489472632e-04
3.176221851258894877e-04
3.198083072042981717e-04
3.190444430461947191e-04
3.202508776016724907e-04
3.190946675268477263e-04
3.205089232264999709e-04
3.209318096624842959e-04
3.201960997468960408e-04
3.206359975735198248e-04
3.194635533998655113e-04
3.200505466198493194e-04
3.191449107789824983e-04
3.178507453294456778e-04
3.195534166062555508e-04
3.182114604396717346e-04
3.186664817210825128e-04
3.203190080428610352e-04
3.177985280850295852e-04
3.181695525878472613e-04
3.209887696852869380e-04
3.202584720238071622e-04
3.185516642818601299e-04
3.182491286234396936e-04
3.178453189373435257e-04
3.184622642329309333e-04
3.178459163637553609e-04
3.175926366071558839e-04
3.177754927757364613e-04
3.188232147485793046e-04
3.180589397041946355e-04
3.185154932163513958e-04
3.185456378454298962e-04
3.167888956454824518e-04
3.182359459868468448e-04
3.184242811734531585e-04
3.171178276316329926e-04
3.165135539730666754e-04
3.183696582031462705e-04
3.173434977500603398e-04
3.156464745060445841e-04
3.186152410484636988e-04
3.180844586187315322e-04
3.179033523613312160e-04
3.163969367573354766e-04
3.167959570666672693e-04
3.173327703897036670e-04
3.172229783634584782e-04
3.161164470423911900e-04
3.172282054345882513e-04
3.176605421898272600e-04
3.183630771185608872e-04
3.183146443181613674e-04
3.165224395542286977e-04
3.169070393511304339e-04
3.147786015879025815e-04
3.148673803558161037e-04
3.159938758716608251e-04
3.159151653398213698e-04
3.174337479470550343e-04
3.191252713151253870e-04
3.161521465242328422e-04
3.158307672399042758e-04
3.177812075513537066e-04
3.166119188200540121e-04
3.170031576700877611e-04
3.154922268556549828e-04
3.156551031807170349e-04
3.161284176552868128e-04
3.158118743951982173e-04
3.157582788353515313e-04
3.150169977284094334e-04
3.142475307707795701e-04
3.171624085769677334e-04
3.135414604567499032e-04
3.162752698620151432e-04
3.150534018162838394e-04
3.159559646570957734e-04
3.171247510844663314e-04
3.146076993294100871e-04
3.154759312778380597e-04
3.148522779592595727e-04
3.126722165960496938e-04
3.162250180685005825e-04
3.144935750792521214e-04
3.157017782993879829e-04
3.148558720650830763e-04
3.148768172138943864e-04
3.139799556968022242e-04
3.133983905881371343e-04
3.141950500284179551e-04
3.145693041074063608e-04
3.124706998371613344e-04
3.153359493777515188e-04
3.118164225871503017e-04
3.152050499406419963e-04
3.147065901326580642e-04
3.120984501983693261e-04
3.121946995150935407e-04
3.136872471093035534e-04
3.116389811783183217e-04
3.123739092291414254e-04
3.131366635251590165e-04
3.129644581451189499e-04
3.135315639400299047e-04
3.116479662954192427e-04
3.133997432360120274e-04
3.117094761701677151e-04
3.149578863013829662e-04
3.139376496017840120e-04
3.125425089125829906e-04
3.120598483771152513e-04
3.128563782304832571e-04
3.132088006961587768e-04
3.141017794845672858e-04
3.135182980172530084e-04
3.132476051381227755e-04
3.124012872414774224e-04
3.121968998117177481e-04
3.135533379029350684e-04
3.135385305128705370e-04
3.149073188059756090e-04
3.105561498456630310e-04
3.132238799089340784e-04
3.126444637434502133e-04
3.122412883770298237e-04
3.121979611168169445e-04
3.124803416332078512e-04
3.132041471558442915e-04
3.119955593804524642e-04
3.120329734521080488e-04
3.118707336377679476e-04
3.124111803836237969e-04
3.133328959721463978e-04
3.114537529543795653e-04
3.106551193319090592e-04
3.104833736408939022e-04
3.119642911712864871e-04
3.101874249926596795e-04
3.104574682142658467e-04
3.131905887705495415e-04
3.130076063737878989e-04
3.123517677625686816e-04
3.113876622891649623e-04
3.116632192262863222e-04
3.147759099146533839e-04
3.107659605921950989e-04
3.112451974347146605e-04
3.129286906725024494e-04
3.120340084990483494e-04
3.105534006202356409e-04
3.102896387298823499e-04
3.139459917199469846e-04
3.105457252947037609e-04
3.133212336162437858e-04
3.120766816474874225e-04
3.130326863760913062e-04
3.117138392673852727e-04
3.118885429030693627e-04
3.110655398118199904e-04
3.115235844041449416e-04
3.126984669127425530e-04
3.134982626089717855e-04
3.129250864386163319e-04
3.116896684794705392e-04
3.092950778024446752e-04
3.106615033807390552e-04
3.124604566024604584e-04
3.137275577825570402e-04
3.114264474338400966e-04
3.119408306654038372e-04
3.111406489805444947e-04
3.116557139876314250e-04
3.111752770283017348e-04
3.103383811991159021e-04
3.108571757022434942e-04
3.126307294327833742e-04
3.121794619699361489e-04
3.118766395885299724e-04
3.127796625480795591e-04
3.113879655411952744e-04
3.132445360720809971e-04
3.113925713901696249e-04
3.133879024524042415e-04
3.116957918903873193e-04
3.134414295250364927e-04
3.129321459939564854e-04
3.128214660937067267e-04
3.123963191682698794e-04
3.145749686396233456e-04
3.120333763568698487e-04
3.126606683824017033e-04
3.130265975749339205e-04
3.146982823211942832e-04
3.127245663307713511e-04
3.140185757012896469e-04
3.165336271057800376e-04
3.120190648899467912e-04
3.125445122499938820e-04
3.118689883448032729e-04
3.144874983264893528e-04
3.133974816030680620e-04
3.129460796246963578e-04
3.150592155538578781e-04
3.126846462490735453e-04
3.157166192236406902e-04
3.138951101946318642e-04
3.138936577111697997e-04
3.149447919864509747e-04
3.131778412993446834e-04
3.137926991677953488e-04
3.149374989365921252e-04
3.138260563396278011e-04
3.142729356213171728e-04
3.136569184131839843e-04
3.138075150170429955e-04
3.146274043525589719e-04
3.133578801002310848e-04
3.129948549081428997e-04
3.143032133294687710e-04
3.155653775632885952e-04
3.143428861368458200e-04
3.150872660219702676e-04
3.160601423630664372e-04
3.138333961872424795e-04
3.147972734762166224e-04
3.149918977803103058e-04
3.138916164123917857e-04
3.159667806381373468e-04
3.154248346930085259e-04
3.162081682598669283e-04
3.158688081403774445e-04
3.161645290380630494e-04
3.157213797031807167e-04
3.138788954641004046e-04
3.169629445772851012e-04
3.150129679463883371e-04
3.150658469580796856e-04
3.164702556709411891e-04
3.154647426721424262e-04
3.161083101212795168e-04
3.175331044572152813e-04
3.157247107151309813e-04
3.150373258607805783e-04
3.163491183113517667e-04
3.175238576576784404e-04
3.175393698126793775e-04
3.169076270703395084e-04
3.153671642026719042e-04
3.145371211846531199e-04
3.182608602874053378e-04
3.163279370643597914e-04
3.177956004289113454e-04
3.167151332363531222e-04
3.173717280007193808e-04
3.177972872731457351e-04
3.171749748705782342e-04
3.172432463204248707e-04
3.159084085644692013e-04
3.158424973751970070e-04
3.159694077589241565e-04
3.180003984152689070e-04
3.172173494867561671e-04
3.183532154609348529e-04
3.167447319612019243e-04
3.174128037454968508e-04
3.168524632499380381e-04
3.175297520847576867e-04
3.160679405146199147e-04
3.174823346283185514e-04
3.180376797195038447e-04
3.177734124869153196e-04
3.179135192434238825e-04
3.157911065346147338e-04
3.172100070459658687e-04
3.183125905476242136e-04
3.174579166620591312e-04
3.165148351114313412e-04
3.171554585817221378e-04
3.197708040495888279e-04
3.170018434129731654e-04
3.178255136063200584e-04
3.177418334255830692e-04
3.167009165159956384e-04
3.195838896548478035e-04
3.172447216101138942e-04
3.187241161105480356e-04
3.166173020079724441e-04
3.181710858613710324e-04
3.187729286149209511e-04
3.187077768716502311e-04
3.193312071936115068e-04
3.170709492977044890e-04
3.185905493355929621e-04
3.181168439836140225e-04
3.182892452532417888e-04
3.180092644413247513e-04
3.163300594142205344e-04
3.166468258455612788e-04
3.187724105435105269e-04
3.166046128564662114e-04
3.182153286251809430e-04
3.180765901150946835e-04
3.184288906632940343e-04
3.170715573262321892e-04
3.182884722012238273e-04
3.174240946802659217e-04
3.181221468358156972e-04
3.177088716683653508e-04
3.185058275902864083e-04
3.195231515315938558e-04
3.194991457181760764e-04
3.170627380272368796e-04
3.192581141332135664e-04
3.170066995401913919e-04
3.202536241496776320e-04
3.167486366295250272e-04
3.169079010048992773e-04
3.185413302823633468e-04
3.161110202874335673e-04
3.158020335551443500e-04
3.166402070998128619e-04
3.200855583594746051e-04
3.200398107165106239e-04
3.168342669128193707e-04
3.179649779094174586e-04
3.189213505415349316e-04
3.173479642468393256e-04
3.169838291580810187e-04
3.175810990568828074e-04
3.171084945561312095e-04
3.176230443911447904e-04
3.156484749157775728e-04
3.169196901084150538e-04
3.166192322850794891e-04
3.165566720820772294e-04
3.163671040279579212e-04
3.166132166887615919e-04
3.166317327762185538e-04
3.161736592119969978e-04
3.175771707641034179e-04
3.155192259128906614e-04
3.140742538356351980e-04
3.181422997110698093e-04
3.150087871761479718e-04
3.168464534344394320e-04
3.152490820599237195e-04
