9.565334799088442974e-01
9.169396778425138450e-01
8.870096364050898963e-01
9.794937547945470335e-01
9.200576354146272617e-01
9.799114391380455702e-01
9.058506048528992549e-01
9.515304077949129358e-01
8.820119185975243692e-01
9.406464636750014874e-01
9.811827163042745603e-01
9.949648730074237557e-01
8.719990084180430090e-01
9.663547095219325866e-01
9.118903726228463347e-01
9.403980526681410268e-01
9.165568641044019582e-01
9.876961019022950650e-01
9.874964158330646891e-01
9.020137570133930360e-01
9.527455708051149053e-01
9.271987403721529963e-01
9.297805361326779705e-01
9.625912760017429903e-01
9.395284833559803817e-01
9.637517234185450921e-01
9.523740070678986536e-01
9.191954513676279248e-01
9.280033112133918571e-01
9.343440724853731005e-01
9.270341592495399130e-01
9.230952354869621512e-01
9.461471515889448014e-01
9.113863956441204950e-01
9.166951147367422559e-01
9.569557543448891090e-01
9.593437491302447828e-01
9.444240108948489532e-01
9.806115322017980862e-01
9.569330237643851600e-01
9.567401046910811724e-01
9.393929985826918738e-01
9.567437370715737854e-01
9.064574340431855726e-01
9.323607209826058062e-01
9.693992606737725781e-01
9.215431402953675466e-01
9.242430353875649152e-01
9.767025915168136008e-01
9.274345968906625437e-01
9.770057016728340704e-01
9.282531972937003717e-01
9.137212053639494069e-01
9.253610348080710812e-01
9.485277751544741731e-01
9.282584923011334421e-01
9.428713139058958470e-01
9.070698786040640726e-01
9.424640822002905427e-01
9.114852449951215130e-01
9.516556869585145462e-01
9.383005116441680560e-01
9.593446825929979882e-01
9.399351646054213694e-01
9.502219210487433676e-01
9.353355259541962230e-01
9.431783281025730714e-01
9.503844429607165578e-01
9.420755303707737394e-01
9.622145849556185127e-01
9.356678073159507836e-01
9.350719789929361481e-01
9.528556301796226036e-01
9.398769891092308981e-01
9.441375505282287861e-01
9.228445071070123795e-01
9.368778527939978229e-01
9.210166650413128542e-01
9.208479022711999473e-01
9.197662027305149035e-01
9.503425928586274329e-01
9.641770793239181625e-01
9.439976682357950066e-01
9.484437473847827649e-01
9.342661521325217322e-01
9.323312930722251757e-01
9.416624879449644325e-01
9.603964355218201909e-01
9.472720273156909343e-01
9.520391941180934570e-01
9.528775872013681703e-01
9.330708412990573741e-01
9.267157236595425784e-01
9.607388056991452707e-01
9.438349973772456325e-01
9.385665204751837409e-01
9.709904977128878123e-01
9.629663857623967926e-01
9.397678164277250001e-01
9.357739054925982014e-01
9.434345477895031973e-01
9.412841212713823902e-01
9.178820081137304410e-01
9.335908126541231367e-01
9.687858013915963129e-01
9.473714182722643429e-01
9.284193503296530592e-01
9.260988555618376861e-01
9.175174011312848821e-01
9.386610109460743478e-01
9.427405717351938774e-01
9.358676683691755649e-01
9.553115039836238553e-01
9.308933094978373290e-01
9.377138919850741550e-01
9.214777236893639811e-01
9.301841372180044143e-01
9.471722313054534714e-01
9.330024685896269876e-01
9.558356875708862166e-01
9.264740561389249729e-01
9.462331462791392367e-01
9.427298534737510449e-01
9.351196646278386870e-01
9.428982885528157665e-01
9.295306167076882176e-01
9.251287204972024059e-01
9.389573731802308698e-01
9.440105364707650493e-01
9.401267832044349904e-01
9.291544936594223758e-01
9.391269969451514488e-01
9.343058212710446675e-01
9.419929268194551231e-01
9.293328102015148140e-01
9.449374088731560262e-01
9.341013415080482440e-01
9.370723726724531355e-01
9.388902669027908710e-01
9.390754305828027393e-01
9.498638516319937164e-01
9.243793822787359504e-01
9.480689190824280743e-01
9.242791973814282747e-01
9.449944279221111909e-01
9.466443698321315159e-01
9.407916441981457600e-01
9.419943433628702456e-01
9.358516303864471420e-01
9.443884549124844652e-01
9.255215737744636462e-01
9.410792446079263573e-01
9.282252150011062186e-01
9.275045531361373330e-01
9.489989022235207905e-01
9.320685299086688413e-01
9.405695713067731001e-01
9.374775220729547609e-01
9.383809934120508345e-01
9.256179513075077914e-01
9.209510219965564293e-01
9.310117075298489642e-01
9.364641307946960369e-01
9.466708961061344185e-01
9.468634602100490794e-01
9.389778834768249816e-01
9.385018425240496676e-01
9.340811323733713145e-01
9.628130332512383482e-01
9.355957200837526910e-01
9.335118112967897286e-01
9.424228061297934556e-01
9.332860802875473372e-01
9.395364408638051668e-01
9.209790448474732827e-01
9.420781953397400210e-01
9.210014662403109842e-01
9.525243921398489633e-01
9.222989741972261735e-01
9.425382572322319463e-01
9.444347483637545171e-01
9.458365701240434298e-01
9.371324374383052103e-01
9.390067934487843493e-01
9.442846685601731238e-01
9.467553886029278498e-01
9.286655201788552860e-01
9.407246186335146421e-01
9.495028577838751094e-01
9.376582359660893262e-01
9.371449031503132909e-01
9.323738529309256728e-01
9.388644484146897451e-01
9.338872656891223922e-01
9.300742694188710580e-01
9.526907591586858404e-01
9.209495757510468561e-01
9.398040955140418706e-01
9.315676331889661821e-01
9.343454279203162738e-01
9.281928254656871546e-01
9.448566492514798298e-01
9.450155438666292262e-01
9.361643037636984133e-01
9.493898452478081174e-01
9.490379736802364574e-01
9.338733173302252721e-01
9.262844264749632295e-01
9.333623385307699971e-01
9.301375844780777058e-01
9.473709013503414100e-01
9.370913499151181103e-01
9.424234688538983828e-01
9.323656568096299058e-01
9.442652116745096080e-01
9.430753070277594352e-01
9.318032443558119660e-01
9.305991145822442023e-01
9.239937196888174942e-01
9.374669829945595501e-01
9.428355855362217097e-01
9.436274370591773986e-01
9.601448185581784589e-01
9.360522099998012102e-01
9.418473951962885726e-01
9.299973493263595792e-01
9.505116093924701470e-01
9.254403499401756550e-01
9.353864706119935368e-01
9.431880194445451115e-01
9.368797298942262985e-01
9.335821773901465948e-01
9.436967604129150589e-01
9.290786238695205590e-01
9.399067469974534683e-01
9.332474712787278692e-01
9.369979249219765327e-01
9.461340747206550272e-01
9.360430092210764164e-01
9.427201723414486700e-01
9.474703321155304447e-01
9.368323302412582265e-01
9.420805710919666343e-01
9.456961774395509224e-01
9.358132293958122405e-01
9.313522479169610291e-01
9.221742727567537878e-01
9.420819778648049647e-01
9.454529495112489190e-01
9.336885038848494744e-01
9.308892392217684719e-01
9.286327053348069072e-01
9.295991462970957242e-01
9.407778741577175197e-01
9.399052265151002228e-01
9.399831204094912795e-01
9.411509984894284031e-01
9.423761145733327016e-01
9.306913115244849211e-01
9.307103621775122404e-01
9.501816963443387998e-01
9.285417332912540012e-01
9.339223801586905571e-01
9.291280900195276748e-01
9.357501837012700552e-01
9.269318477553414315e-01
9.417004685294626531e-01
9.367075804423525831e-01
9.395238978577191702e-01
9.373806805674617104e-01
9.420446327358104055e-01
9.421032164921131491e-01
9.411534323746454378e-01
9.394452804826327608e-01
9.310411315142207433e-01
9.323164533616221661e-01
9.364822950679091429e-01
9.289678351639797382e-01
9.468373163715436691e-01
9.311324971130344741e-01
9.448996501020009431e-01
9.470897000728153436e-01
9.358040037506449860e-01
9.415129348776879459e-01
9.350494853728188449e-01
9.394245204513056446e-01
9.334275235276751070e-01
9.177491346922003190e-01
9.478194132625471502e-01
9.446231778488888287e-01
9.328329604601078850e-01
9.489036678878181030e-01
9.306312189588773487e-01
9.421868630363999797e-01
9.366321580459987528e-01
9.386910006776670867e-01
9.209780413772183927e-01
9.496529151338402031e-01
9.374168356319301232e-01
9.355684915973294657e-01
9.385982801647463347e-01
9.319448654139036448e-01
9.362396938789748768e-01
9.339816553739258564e-01
9.271196340058914798e-01
9.309804799621238525e-01
9.243776497385461921e-01
9.424298867817183512e-01
9.373412795451232515e-01
9.305216683466467353e-01
9.416247998120748086e-01
9.306687499697348098e-01
9.437884811946656294e-01
9.278931069153651956e-01
9.337286330611220819e-01
9.448581743496772267e-01
9.294332669582439088e-01
9.283643191516198767e-01
9.332089800694591819e-01
9.409119691765138738e-01
9.257408780937748105e-01
9.275029462919885948e-01
9.321619026571027478e-01
9.352371577413000070e-01
9.382953478227868960e-01
9.370551240504932933e-01
9.492999462179223524e-01
9.420992885671899408e-01
9.449133351597026609e-01
9.430761075722884357e-01
9.402399398222742732e-01
9.392591589675970409e-01
9.354476875440576045e-01
9.355516063791893266e-01
9.429482274128273556e-01
9.355565976923783111e-01
9.321744538123984958e-01
9.425932612673236788e-01
9.492411512970752030e-01
9.353356164484716295e-01
9.252022523699943157e-01
9.450747247551027908e-01
9.419371362582136253e-01
9.429891067362444756e-01
9.333166672953131515e-01
9.366288248698035890e-01
9.509898739446926985e-01
9.170933081135798082e-01
9.334668435900628225e-01
9.369720220557267165e-01
9.352991071057629169e-01
9.267097014048886194e-01
9.317533509413664650e-01
9.431575920028937299e-01
9.424700539756940554e-01
9.269927830992720219e-01
9.293601416465904208e-01
9.345261429840648892e-01
9.402473795994594763e-01
9.391588513675248606e-01
9.440764068444005286e-01
9.303602430246780131e-01
9.366246365873710511e-01
9.265721445342564033e-01
9.433454441386776024e-01
9.374592490560936797e-01
9.338205923895314120e-01
9.390470845964845603e-01
9.385904825833446541e-01
9.465854300976196400e-01
9.469840103516105057e-01
9.504578007210378043e-01
9.400064185252987592e-01
9.360764163058622467e-01
9.420459321241269057e-01
9.263527846538923693e-01
9.431394500304597361e-01
9.457051887144535263e-01
9.395971834579223136e-01
9.364671292278982095e-01
9.458840755674476908e-01
9.528644835518570444e-01
9.326863429548541973e-01
9.282795987672580740e-01
9.347898005873341853e-01
9.665410653251574891e-01
9.559293886451326605e-01
9.476467592668487150e-01
9.459588186292473555e-01
9.390797254887234269e-01
9.525252375016606265e-01
9.492913469119088621e-01
9.475213267018409713e-01
9.429108289397565290e-01
9.401049965139639530e-01
9.491020051399381430e-01
9.356648974874482994e-01
9.525968377598876824e-01
9.567757162190156928e-01
9.514161509265361971e-01
9.556328439360280980e-01
9.512840443537520230e-01
9.528537441884904480e-01
9.622261060758229290e-01
9.513575199747824618e-01
9.562961061431738408e-01
9.456161316313342891e-01
9.516054558622367709e-01
9.539092981229257973e-01
9.423388576051732191e-01
9.444287099152289811e-01
9.470702273668396565e-01
9.546076228377823325e-01
9.628057678967811839e-01
9.563976794483178834e-01
9.466603934258427389e-01
9.519504032811237915e-01
9.579502280200311581e-01
9.576359313497960768e-01
9.572670729717975835e-01
9.536257310629664419e-01
9.459984762607073217e-01
9.586010902410500023e-01
9.562215180728965702e-01
9.517057321066292319e-01
9.557326750631434109e-01
9.560150328129813913e-01
9.591499894405738358e-01
9.562285464122667333e-01
9.605537035212405872e-01
9.561009768931726382e-01
9.558754781379771304e-01
9.606718845078557889e-01
9.690130578998045197e-01
9.578531862392070106e-01
9.450774612758294779e-01
9.540161118243322136e-01
9.563476590287539603e-01
9.559399522048400710e-01
9.499640135944114050e-01
9.551425471663923528e-01
9.609645620933425780e-01
9.716807610973204890e-01
9.714042612003175314e-01
9.694805059720288387e-01
9.560836130741228178e-01
9.571357047214872349e-01
9.569000289468984066e-01
9.676118109559981306e-01
9.652771268427791096e-01
9.632040549637752580e-01
9.568172375757989512e-01
9.640916935189703940e-01
9.619403655629813477e-01
9.510729921105122164e-01
9.636294042618555045e-01
9.732010527216899964e-01
9.739217111085155532e-01
9.575643155416612151e-01
9.678181829524344915e-01
9.743420928569431760e-01
9.745020425284620647e-01
9.666343483545978277e-01
9.580830909832489528e-01
9.645938530848860992e-01
9.679588880580453081e-01
9.535299556827165901e-01
9.623924039338428438e-01
9.556257017135494358e-01
9.642624229537367642e-01
9.673885907447036248e-01
9.602105755895914418e-01
9.652935667271361764e-01
9.626884694291512057e-01
9.719510391522523385e-01
9.615334912381248156e-01
9.647236372932523896e-01
9.661519796645808844e-01
9.577354365829581218e-01
9.624114301855775100e-01
9.674126804778984123e-01
9.596910111963011802e-01
9.586264504410942910e-01
9.632011131268899407e-01
9.604022226182603594e-01
9.618190017386888391e-01
9.630903451022204687e-01
9.636855713528175160e-01
9.610114804921451315e-01
9.628996485627311364e-01
9.482844793206214318e-01
9.578544129771858762e-01
9.633290296358646421e-01
9.537721345131414674e-01
9.616598562175082687e-01
9.577236077427563332e-01
9.622104557217137089e-01
9.609950045825498277e-01
9.495469441953090506e-01
9.730692980807033043e-01
9.623608035135680083e-01
9.690415473127067525e-01
9.689287601807433647e-01
9.672547404844235031e-01
9.587386046777733872e-01
9.596478396736927152e-01
9.658734559572605960e-01
9.615268988785639070e-01
9.590183802578710059e-01
9.604492108312645549e-01
9.526429468803114808e-01
9.616973740568399709e-01
9.557931676939817045e-01
9.520552635572190336e-01
9.642891840059426567e-01
9.616432052604710901e-01
9.568922570703040087e-01
9.584452685823519058e-01
9.442614144369596563e-01
9.671086108841513429e-01
9.577676392844047815e-01
9.639387092883185959e-01
9.568116179300845126e-01
9.660984227985567330e-01
9.631352573385369986e-01
9.651025070089089830e-01
9.602408856950001015e-01
9.556094596382729289e-01
9.513801467177153137e-01
9.506576911467300439e-01
9.600847041400882853e-01
9.395680897472336035e-01
9.567392271707895191e-01
9.578813078871860620e-01
9.602998600592145273e-01
9.448842948445989043e-01
9.464382971180987925e-01
9.623887149535996777e-01
9.631014370397675828e-01
9.582718893807321558e-01
9.608447625975856665e-01
9.588293089914368128e-01
9.606143926000807465e-01
9.512692724267964861e-01
9.487476630166870040e-01
9.550511688929724796e-01
9.475127122660578216e-01
9.468156785697412481e-01
9.574024036774597679e-01
9.465073379086903493e-01
9.500181848358831838e-01
9.457445818411083227e-01
9.573101650716181465e-01
9.517164675847605837e-01
9.516120235000209426e-01
9.466366637871613809e-01
9.544291750538487218e-01
9.600490844413540614e-01
9.389238307723116739e-01
9.504748514464387288e-01
9.477946096865164094e-01
9.523413176593537033e-01
9.540128278867803235e-01
9.576408808324746724e-01
9.558252949196078818e-01
9.579944336906203173e-01
9.542335480432225792e-01
9.495959454962989987e-01
9.522295681955990077e-01
9.607943704612953439e-01
9.535641001046452070e-01
9.511366540468170205e-01
9.484345771584558049e-01
9.504925345655697022e-01
9.464946764342291319e-01
9.555862886578693205e-01
9.524497072022142241e-01
9.509122688025382075e-01
9.506556533989896085e-01
9.526105895890311093e-01
9.426772389510821304e-01
9.519685217444636693e-01
9.425704796547957898e-01
9.533906153486053636e-01
9.535808738889002267e-01
9.521845480615376278e-01
9.408622035172207188e-01
9.397566722455429344e-01
9.433996152353176790e-01
9.479420683334227604e-01
9.469833905722014888e-01
9.593277237029704807e-01
9.504181052970157584e-01
9.477598001220582935e-01
9.515017420278089055e-01
9.366257810865021849e-01
9.556618545041922763e-01
9.480755331289574261e-01
9.510008449702980204e-01
9.427908930605093385e-01
9.497406715753048401e-01
9.527151521571591841e-01
9.514391734696353575e-01
9.521399210966630111e-01
9.447149231835058059e-01
9.520828771291380832e-01
9.403323805680960934e-01
9.492433120265262314e-01
9.384613987921939238e-01
9.498165644489195980e-01
9.453888841364154194e-01
9.521886934615653164e-01
9.495070641861206306e-01
9.444080487002648461e-01
9.482845445447678490e-01
9.427275672212301894e-01
9.488871807673759928e-01
9.447430407728240054e-01
9.524245456739310889e-01
9.615484063955407334e-01
9.457198808997384631e-01
9.463724022471941000e-01
9.406088462507570247e-01
9.529539572645815415e-01
9.434063981992567571e-01
9.531173586234105155e-01
9.458498230244194449e-01
9.473095084742302330e-01
9.523202357454652045e-01
9.554289794966683846e-01
9.535259243228726422e-01
9.488551569989887025e-01
9.433332833625622804e-01
9.575839784795255882e-01
9.433499003973861985e-01
9.495807561679866504e-01
9.527897193587218094e-01
9.580392618479276479e-01
9.479517748588996984e-01
9.523899220721427916e-01
9.486230464502412030e-01
9.467427769897623913e-01
9.530083228705897858e-01
9.478048829849107237e-01
9.534369249572252070e-01
9.561370948564578143e-01
9.473244702044468779e-01
9.528035825114749002e-01
9.538623290709298264e-01
9.527234939372263289e-01
9.644950613539099438e-01
9.491702790351164154e-01
9.567656075243416991e-01
9.460589787741863210e-01
9.533795896940211456e-01
9.579430775168659151e-01
9.641189828250639193e-01
9.550148227144247270e-01
9.547090858513472833e-01
9.554349623205010689e-01
9.529685280363163757e-01
9.591059739393226202e-01
9.536471039917303605e-01
9.524012333898341787e-01
9.554570670784953146e-01
9.548953302587241954e-01
9.595162449341135824e-01
9.557457475404749214e-01
9.512580672955484040e-01
9.662178730836488150e-01
9.608015796711218970e-01
9.542000620549611067e-01
9.620870819035188815e-01
9.655364867389264472e-01
9.491011390936908709e-01
9.601742752271854586e-01
9.581162040213224707e-01
9.635744295169842433e-01
9.641432169117357676e-01
9.533923885431824230e-01
9.590568562208094949e-01
9.522982553575054521e-01
9.643702096620215825e-01
9.782754935762180137e-01
9.679168882117887840e-01
9.610988989605774302e-01
9.555087242677324788e-01
9.644776427447584455e-01
9.587890830031899903e-01
9.581687280483952573e-01
9.616265654248770112e-01
9.571829573809420566e-01
9.638741892044624393e-01
9.665025768244225324e-01
9.542395976357225251e-01
9.689115733999948965e-01
9.623487622789883567e-01
9.579027755600073579e-01
9.703791713855007828e-01
9.636593744829596853e-01
9.654892821413763038e-01
9.606548128328158409e-01
9.638933450515644319e-01
9.597899856569089838e-01
9.698717740344000582e-01
9.695804398314694650e-01
9.642704278395642925e-01
9.600780427423803998e-01
9.675863931420893849e-01
9.749089586248660400e-01
9.682191310021337483e-01
9.616318952507723061e-01
9.637190088636934382e-01
9.721003546978401744e-01
9.620378938704131633e-01
9.651409193626555583e-01
9.711737616482137847e-01
9.638379922020292589e-01
9.615649006645451413e-01
9.610580281770969568e-01
9.716810687827214243e-01
9.664775742684881266e-01
9.572383835813869091e-01
9.567070627284756101e-01
9.737634532377855701e-01
9.722445516045707947e-01
9.638119585964610714e-01
9.713166502849420736e-01
9.713027141735705028e-01
9.640253947255167377e-01
9.636133148236400991e-01
9.599355648564923404e-01
9.691530074838987652e-01
9.702494642848282780e-01
9.663991401057026032e-01
9.693815611231164642e-01
9.674389353564720739e-01
9.631499909918391777e-01
9.627733508098735848e-01
9.686940298884516576e-01
9.666072447266261802e-01
9.630566995195736224e-01
9.684887669731514492e-01
9.640727200233657479e-01
9.701009437722954987e-01
9.690456704942259636e-01
9.661409383270377349e-01
9.633522999170837098e-01
9.649150712995262502e-01
9.614654100258823721e-01
9.644998426243496237e-01
9.661137979919347529e-01
9.669848747670074518e-01
9.650664011868914649e-01
9.646666453502943384e-01
9.637143745712885012e-01
9.639951088105392918e-01
9.629067319626933852e-01
9.590560877560188047e-01
9.598946679931852355e-01
9.603683831203578825e-01
9.656355372143128335e-01
9.669526775871024604e-01
9.666777266285858650e-01
9.724514488071852591e-01
9.622364465395135680e-01
9.573729388613322344e-01
9.569067467071334931e-01
9.550087737973353974e-01
9.586216786808058332e-01
9.578481790805470908e-01
9.637317257462619802e-01
9.697338426909493103e-01
9.630219559617229086e-01
9.654884164216044340e-01
9.560343499159086322e-01
9.526297620992129067e-01
9.711214119911232290e-01
9.611722818282573133e-01
9.627643685770386206e-01
9.540581745123583035e-01
9.584350036886285507e-01
9.605247498358153724e-01
9.613929943583335858e-01
9.503097670897914240e-01
9.570972411749810727e-01
9.639168715815337185e-01
9.600382311851465289e-01
9.541786927051922884e-01
9.441555993890081711e-01
9.620409155288689451e-01
9.505341152316003628e-01
9.521166083541584557e-01
9.558862450672078737e-01
9.499678051327504757e-01
9.588788138591838317e-01
9.548745309028656703e-01
9.495271036811164800e-01
9.627740840501036734e-01
9.434560378730080243e-01
9.465721510075478795e-01
9.537034159585406901e-01
9.573978098746207532e-01
9.545309388499577663e-01
9.547700816097633991e-01
9.443648411070530990e-01
9.535940725618097247e-01
9.457784290130256677e-01
9.471464862841880716e-01
9.606047628333846955e-01
9.567346334421801268e-01
9.475610794670232817e-01
9.494443204345887066e-01
9.416458918658245913e-01
9.509060394499893043e-01
9.511874946792734375e-01
9.447438578041883472e-01
9.532481692632090997e-01
9.512169821941384162e-01
9.504866918610450632e-01
9.590412227525898503e-01
9.475249522818558479e-01
9.462363695673633446e-01
9.402646834872662174e-01
9.538786320321372969e-01
9.493999456961272898e-01
9.440306432563919659e-01
9.515976269746654337e-01
9.492123169073550804e-01
9.488465476455444358e-01
9.505013913681890081e-01
9.352063056340118585e-01
9.420177343146693971e-01
9.481088428679286251e-01
9.460825910879637757e-01
9.392392189069200814e-01
9.502633683943292331e-01
9.351456869661332050e-01
9.410065686549768937e-01
9.444692299507065902e-01
9.410009287492029362e-01
9.405726345936055166e-01
9.443046111554338484e-01
9.448817696024314206e-01
9.428217373386561517e-01
9.368619075317655698e-01
9.490223459065638689e-01
9.359184858060477508e-01
9.429793193043435329e-01
9.321151213378681133e-01
9.382072579065785511e-01
9.334744110251949056e-01
9.373882601691769789e-01
9.383517911454207772e-01
9.393576470099110898e-01
9.348322055077225023e-01
9.393052877061774941e-01
9.416684909080161869e-01
9.411803708040864525e-01
9.245163318958157239e-01
9.302996300932550033e-01
9.270378085402467550e-01
9.343224949148031255e-01
9.304407670549212916e-01
9.302273364588674598e-01
9.378889680493944780e-01
9.351342476072964649e-01
9.250820137926850650e-01
9.353252069601406538e-01
9.299542094673135528e-01
9.322131441200941504e-01
9.390385370028649925e-01
9.373796473292383968e-01
9.331010882710936150e-01
9.277012771870707386e-01
9.330046990719035316e-01
9.273751784625935413e-01
9.328960159170609501e-01
9.394420465679514942e-01
9.306251810197364582e-01
9.242237597400733140e-01
9.191855180335430919e-01
9.262736971760129334e-01
9.329862689161134703e-01
9.276008549738948838e-01
9.305065293322366538e-01
9.299926452947356870e-01
9.255309390913023515e-01
9.300989486192471345e-01
9.193985329638748594e-01
9.351610267462567849e-01
9.206143694686643730e-01
9.214389785725644044e-01
9.326450103574496220e-01
9.275422336924341593e-01
9.190799717133828484e-01
9.175338894060909301e-01
9.251734324255702635e-01
9.156933950875063566e-01
9.234300185581175713e-01
9.223572889994996471e-01
9.204554976170216118e-01
9.262209676382030521e-01
9.158509556104108551e-01
9.245268036891771679e-01
9.211280654654091515e-01
9.201520160302800733e-01
9.242425468655323106e-01
9.149972533550488896e-01
9.212608864620743798e-01
9.225127173025822191e-01
9.214190299271687312e-01
9.277442850221341297e-01
9.223586812115355249e-01
9.223937206686996237e-01
9.196598978796042267e-01
9.193061753154759819e-01
9.235754491033927316e-01
9.214099196042923046e-01
9.219550822910683729e-01
9.247583743859706384e-01
9.255788336550651030e-01
9.137185059994444858e-01
9.112532640966793940e-01
9.118402106130000240e-01
9.187800115788057331e-01
9.242530569201744539e-01
9.165237834086772395e-01
9.095290803638452770e-01
9.195804973560096629e-01
9.169629397684796457e-01
9.108372242035305266e-01
9.137856115111219202e-01
9.092131286874818308e-01
9.178297475512799952e-01
9.132238047133544034e-01
9.132847537047330544e-01
9.061068061853090327e-01
9.096944936443085439e-01
9.191088511211716883e-01
9.155010064484159216e-01
9.191231889133947286e-01
9.094245071549441617e-01
9.122440188899837432e-01
9.137568658913375330e-01
9.166281432929456185e-01
9.165604485731173590e-01
9.111196279628421824e-01
9.115598050238625794e-01
9.132445746284607591e-01
9.174332179883398775e-01
9.122583278924593087e-01
9.072949488483817992e-01
9.140220280017589127e-01
9.163176715897140001e-01
9.059049339416124225e-01
9.215465643175619892e-01
9.053511092254086234e-01
9.112978287908016783e-01
9.129721657385373446e-01
9.120424668884891117e-01
9.219837657492442329e-01
9.122006923817401747e-01
9.187394402552278017e-01
9.244859849466613433e-01
9.065138320454524390e-01
9.150477660860211193e-01
9.092371847983863331e-01
9.118511492330105828e-01
9.145003678923544488e-01
9.180472876589476083e-01
9.215683648301046249e-01
9.183931861795615603e-01
9.115902436680898280e-01
9.188136536849584868e-01
9.169678453720613298e-01
9.147899927166834866e-01
9.089689830808060922e-01
9.116932316717683005e-01
9.170796785430080922e-01
9.165607308088754568e-01
9.195257919026754712e-01
9.222592381123354555e-01
9.173186553898415863e-01
9.315137682769345506e-01
9.163750297026450609e-01
9.206494055156289047e-01
9.212391782358338999e-01
9.206023524446682593e-01
9.171864405746720239e-01
9.120847801687408385e-01
9.186759232512630158e-01
9.173977857853108375e-01
9.152231453147883222e-01
9.223284231660932031e-01
9.273370688558273400e-01
9.141039023323508372e-01
9.158949307055596067e-01
9.128632662986339019e-01
9.154246802918666326e-01
9.165508221800262589e-01
9.242373951079305705e-01
9.300307593359868896e-01
9.242160603575962918e-01
9.202297868746887044e-01
9.196670275791211102e-01
9.238193189971696251e-01
9.197653383861377208e-01
9.297076362481707656e-01
9.195288206543007492e-01
9.207439318507751880e-01
9.249542907402130698e-01
9.226009413225391143e-01
9.317822533087851689e-01
9.306809925956615048e-01
9.226674566096140229e-01
9.340444677682288033e-01
9.262865961509892943e-01
9.233948606507854651e-01
9.270776570543421968e-01
9.196664645125850468e-01
9.319456001656566402e-01
9.281710356535776141e-01
9.266523588432405978e-01
9.272159577676644115e-01
9.271210444829548480e-01
9.302979025166701055e-01
9.273783548342036109e-01
9.299336109010011286e-01
9.302190830035343971e-01
9.346614102949047931e-01
9.195768341807876167e-01
9.310250956875798511e-01
9.307474479345713148e-01
9.338587813828065354e-01
9.317387268666234013e-01
9.179233510604529744e-01
9.299299201654362967e-01
9.297326992657560796e-01
9.333223378856416730e-01
9.326287035830177485e-01
9.274567029516950223e-01
9.374930013010117635e-01
9.337879740758824321e-01
9.372116358501557665e-01
9.343076076181137113e-01
9.220293190030810493e-01
9.331957187932711228e-01
9.277970487712928760e-01
9.329908906823983772e-01
9.263037519130061792e-01
9.279169261834228077e-01
9.301455274290628683e-01
9.362165187303660430e-01
9.326348715935559586e-01
9.408987520639225943e-01
9.308321268130361759e-01
9.257959463884836149e-01
9.293585156519135193e-01
9.291290408693101410e-01
9.217930064864888751e-01
9.236610053383428331e-01
9.254160355060985221e-01
9.300612299912373038e-01
9.246863280052034506e-01
9.220425750790066655e-01
9.356564936809842470e-01
9.331494272433933368e-01
9.236653606386883153e-01
9.363163752004834972e-01
9.301620039077417301e-01
9.160749290732208561e-01
9.193904228572332693e-01
9.245595317432815374e-01
9.278591179719207771e-01
9.238013354633958230e-01
9.189567267374694204e-01
9.261670801903005845e-01
9.210154221954619524e-01
9.251140246747320273e-01
9.238152533078655138e-01
9.275886548767863227e-01
9.244627901725799290e-01
9.360712279552811932e-01
9.261646007184234364e-01
9.171174146418344941e-01
9.271245976046070814e-01
9.191399839481975143e-01
9.347548349671241930e-01
9.323991207278391480e-01
9.252265240200222562e-01
9.215924985003469683e-01
9.160137721928853782e-01
9.195376012375442443e-01
9.199838263915834924e-01
9.185313454983944359e-01
9.171951298603238101e-01
9.147694009975803064e-01
9.210015893876239979e-01
9.174957787348139160e-01
9.224168206591274455e-01
9.147779768667408939e-01
9.182572605569213620e-01
9.215553713715300965e-01
9.211575029894631950e-01
9.160624399956676100e-01
9.103899900595123773e-01
9.140026210722026478e-01
9.297335949569968117e-01
9.148968821677772034e-01
9.205714272094530637e-01
9.056928669101852458e-01
9.201920859502106254e-01
9.153387889110079501e-01
9.046653869225144140e-01
9.019818060853141972e-01
9.169264765077127510e-01
9.098768132647562235e-01
9.123727714170746239e-01
9.102047867663519698e-01
9.092351859836903527e-01
9.081597012639501809e-01
9.092232735260122878e-01
9.092682985121069983e-01
9.060445390707740909e-01
9.143374756304351036e-01
9.058877303169298179e-01
8.975549361901091761e-01
9.110941919189016192e-01
9.108663894064473743e-01
9.007253497923811691e-01
9.028905206500039693e-01
9.100605027209396347e-01
8.966286335957557307e-01
9.061041098091965340e-01
9.052073772756346060e-01
9.050179970395045848e-01
8.962440072899344745e-01
9.057455282316000389e-01
9.054732353706517189e-01
9.004271520389225403e-01
9.007167319270835693e-01
9.029689264355738043e-01
9.029645402274807386e-01
9.007001381494468273e-01
9.029184638203706648e-01
8.950081899044026734e-01
8.952732846209088269e-01
8.985621577334758081e-01
8.958241544327008032e-01
8.964149615406261651e-01
8.970171867716300040e-01
9.007852387322441423e-01
8.975306128335633904e-01
8.918943465802385839e-01
8.927244917949980207e-01
8.933721549918062221e-01
8.913476121045860179e-01
8.943226346508770241e-01
8.952768582596078994e-01
8.905339783386816421e-01
8.909058978993924516e-01
8.907545222518404859e-01
8.932962084129195679e-01
8.922401464136371363e-01
8.919499389098199948e-01
8.917553236127322425e-01
8.892495494544326862e-01
8.949989244145419853e-01
8.850359333116747385e-01
8.908023048253647103e-01
8.894695371214894619e-01
8.866605445923757545e-01
8.847960115615308707e-01
8.793182265777926832e-01
8.918208387979618124e-01
8.828615760830420545e-01
8.840012012401320396e-01
8.836069384251574732e-01
8.820968562589640571e-01
8.811678092595149892e-01
8.867106797667099194e-01
8.780522267684792714e-01
8.852330073852193726e-01
8.870346760533477370e-01
8.794022993768821905e-01
8.841694840244339604e-01
8.852761570168916627e-01
8.749988120723134477e-01
8.866021395233673053e-01
8.770726702179294509e-01
8.878670267872020849e-01
8.789123505640288325e-01
8.795072643470079887e-01
8.820488957444390099e-01
8.784982238312938341e-01
8.731024829759693739e-01
8.805514995546084300e-01
8.819227704976078108e-01
8.804691153411221549e-01
8.724383994342407300e-01
8.727640348295127026e-01
8.799284030728691253e-01
8.763084937464806767e-01
8.736301871875352676e-01
8.780003935958599071e-01
8.733591342150542891e-01
8.748112134192278511e-01
8.793974508690094449e-01
8.784892594515041342e-01
8.702057384499647386e-01
8.700349627071615188e-01
8.686307890230843265e-01
8.722122996405378137e-01
8.678004686227779318e-01
8.680174224448190534e-01
8.781403786951819113e-01
8.681709879986319045e-01
8.712813077714035570e-01
8.650487706935290344e-01
8.703656851838706965e-01
8.752623521048548128e-01
8.774085789668336632e-01
8.700457532895805590e-01
8.719362436778319569e-01
8.664885961529706915e-01
8.650579865329951490e-01
8.688713799525257242e-01
8.619488407537465591e-01
8.669421994761929984e-01
8.676867782626025427e-01
8.713716862553153586e-01
8.594143196389422146e-01
8.668370360942887487e-01
8.706249145574320725e-01
8.645620023532669673e-01
8.574695909614519218e-01
8.673436990916234546e-01
8.656342946296473606e-01
8.651078302409034304e-01
8.674580552956899782e-01
8.657308556029754687e-01
8.664968885768498108e-01
8.671639719623375209e-01
8.563717255184781774e-01
8.645986012878451588e-01
8.619205672207562730e-01
8.616936216191125597e-01
8.708320006424954407e-01
8.605287800662884123e-01
8.694493579131075123e-01
8.654967564219494536e-01
8.676779980886740740e-01
8.750453802806519299e-01
8.671894550306451510e-01
8.599526008819025069e-01
8.595648208926133238e-01
8.638374736797008735e-01
8.700502386660782239e-01
8.679708648035315832e-01
8.670237356313359456e-01
8.652661213603257684e-01
8.593545432554707819e-01
8.666231375192720021e-01
8.715981530738831085e-01
8.611765741431146592e-01
8.717306282954498942e-01
8.641744840917987558e-01
8.614695415556781199e-01
8.694134702586057140e-01
8.667236870071765020e-01
8.715673029495665247e-01
8.680466510332502938e-01
8.678447061007759089e-01
8.647731933341238353e-01
8.683177328519346982e-01
8.664782157630372961e-01
8.723751510289361466e-01
8.706233628864352703e-01
8.675251182409969841e-01
8.699650208819789121e-01
8.652881523180419032e-01
8.670950298815902624e-01
8.603982077441824083e-01
8.655670598615651246e-01
8.622620945379675383e-01
8.616535211026181695e-01
8.702690615142012476e-01
8.667651889008807231e-01
8.663331084456394882e-01
8.696747169381221498e-01
8.676381921431515210e-01
8.665323680538610240e-01
8.669958284449871266e-01
8.609822717931238101e-01
8.659474492308444349e-01
8.692652606806852145e-01
8.701488139718763781e-01
8.608336960867195575e-01
8.694282065735658982e-01
8.684644622059136676e-01
8.670889858082154733e-01
8.709496017594495765e-01
8.708619803642491108e-01
8.680178066895489764e-01
8.656694648781357859e-01
8.692114740823585484e-01
8.638382819392819156e-01
8.713413635788455069e-01
8.735721314235732615e-01
8.693320830513520114e-01
8.710335231441469483e-01
8.669375571627684351e-01
8.705303359398888219e-01
8.723807086042971726e-01
8.718197830873490872e-01
8.700279754696085277e-01
8.691625167142097430e-01
8.797937416119108178e-01
8.750160919092565548e-01
8.735209797519888353e-01
8.674736948268090275e-01
8.776268715244728291e-01
8.685419997079789622e-01
8.686875717683419929e-01
8.807646425701131099e-01
8.640157199160011237e-01
8.675016262936071643e-01
8.702848797054566488e-01
8.641933036247234634e-01
8.725276499525166374e-01
8.776722826669525190e-01
8.762776331813256769e-01
8.720289890820452916e-01
8.736358718083349073e-01
8.710215784262150818e-01
8.717985418575284751e-01
8.772286222214789042e-01
8.691445011571951040e-01
8.770647341416065723e-01
8.690610318580341831e-01
8.728810499565016201e-01
8.707761276012258023e-01
8.693922147709455261e-01
8.715876256372743214e-01
8.734170037895178096e-01
8.760102984310145224e-01
8.758060009513050082e-01
8.735178399717329345e-01
8.733944797183433861e-01
8.713448555804408358e-01
8.683827312956845512e-01
8.669646413417945174e-01
8.654825342114899067e-01
8.725070636394469670e-01
8.702696495243887886e-01
8.700171733441418587e-01
8.751373853606915221e-01
8.681218747270917913e-01
8.733774806281870973e-01
8.758416402904439790e-01
8.707428411900609566e-01
8.714160584501601248e-01
8.706606295672326690e-01
8.673761415230748506e-01
8.678405304382926788e-01
8.754337459365990615e-01
8.670257081911297847e-01
8.651764760073564764e-01
8.719671524696367415e-01
8.673742901414830397e-01
8.747431603010611401e-01
8.700547116443210216e-01
8.689818763547626501e-01
8.654640961346626860e-01
8.716517900977954758e-01
8.632817345564746114e-01
8.674045308934251741e-01
8.682788166914423567e-01
8.689234440419065786e-01
8.664474241219852768e-01
8.670077646618977729e-01
8.683500715052034913e-01
8.700850623872221634e-01
8.612161704914718108e-01
8.640865436159165247e-01
8.673893947897312051e-01
8.615992149837273795e-01
8.670672624437807396e-01
8.646435095250966096e-01
8.606793443509718200e-01
8.606536724309471476e-01
8.586372926142135098e-01
8.591303889355041967e-01
8.693939906051628697e-01
8.637381181964821630e-01
8.557069476617695791e-01
8.612511968137995799e-01
8.661826197009961925e-01
8.630680786070181743e-01
8.594322414124990761e-01
8.602978811024042383e-01
8.563616939929118432e-01
8.619654884373081360e-01
8.691504459576706587e-01
8.566858852678576053e-01
8.617119147279905800e-01
8.592393127819728527e-01
8.526900601283647907e-01
8.533517112812469829e-01
8.565501957484692452e-01
8.586175539663383205e-01
8.587886433920525198e-01
8.528914998700651839e-01
8.605040465522042492e-01
8.552937852154519627e-01
8.519824670203639538e-01
8.529516053965612299e-01
8.552035913048053883e-01
8.506135194615765949e-01
8.530263501048046537e-01
8.540108070851297750e-01
8.571948641734764562e-01
8.535954635116076439e-01
8.507671376005178088e-01
8.489400385246442804e-01
8.566064531526089709e-01
8.532252415446650584e-01
8.446029505367473877e-01
8.500572060846615097e-01
8.512361614673273902e-01
8.486657963415006334e-01
8.553336287512276481e-01
8.464551660074853823e-01
8.420275390271516613e-01
8.558472053204421170e-01
8.460566662238420133e-01
8.465955872201933463e-01
8.475685650800266480e-01
8.443297821827083771e-01
8.434464450036580629e-01
8.453844116121997931e-01
8.488165488097031419e-01
8.450095718815399115e-01
8.438082426677836478e-01
8.491122927592706926e-01
8.342814194137281314e-01
8.473807266787624082e-01
8.387527423708363017e-01
8.431926135188924087e-01
8.461178376014805158e-01
8.452773140372922267e-01
8.467952930566274850e-01
8.397108760358383828e-01
8.451135407646445108e-01
8.414687645886627099e-01
8.402358911823569754e-01
8.376302045102492766e-01
8.401692481789370115e-01
8.412803404093147641e-01
8.375597295643777418e-01
8.433329497808608188e-01
8.408050614670455891e-01
8.353980583805074023e-01
8.392809743269379341e-01
8.290586481711016420e-01
8.342975464252371243e-01
8.319420525783435272e-01
8.366154367389314617e-01
8.332287990071212125e-01
8.396351216464719158e-01
8.376493488892654549e-01
8.277070188067191525e-01
8.351909218689953507e-01
8.306704237648838696e-01
8.283899797188390979e-01
8.303379791593146209e-01
8.301442108994225855e-01
8.334433754136236772e-01
8.371595209881191879e-01
8.300352485629922672e-01
8.316371213050843814e-01
8.243930349186012752e-01
8.305211061830255481e-01
8.280379086568603331e-01
8.324740073201610802e-01
8.309360377154301203e-01
8.289087119858595809e-01
8.352986167911869986e-01
8.288864031768453655e-01
8.254892938153263193e-01
8.303706615722947770e-01
8.216548899386137972e-01
8.279256859106352007e-01
8.255395358414846507e-01
8.282561225515271408e-01
8.228610823760705850e-01
8.266226729592007771e-01
8.180759815114152511e-01
8.259030906999677013e-01
8.281861750055895532e-01
8.230124148513570104e-01
8.244292836721631712e-01
8.146710825652297983e-01
8.151356034349772628e-01
8.239836262724080651e-01
8.296668152297119736e-01
8.196441165582453170e-01
8.175927963653926156e-01
8.191277952432635123e-01
8.167738870170035970e-01
8.188338943990298713e-01
8.158166416331853465e-01
8.208610008709499306e-01
8.211717878183697472e-01
8.144998714130211592e-01
8.166670244527395317e-01
8.121736758230067021e-01
8.149591135428836397e-01
8.154995685620852752e-01
8.200413296409310160e-01
8.070338068427792555e-01
8.165859799479044945e-01
8.143640468906970797e-01
8.167691307624025399e-01
8.086869131820605405e-01
8.121423155126434867e-01
8.167863912543414928e-01
8.178428864279893018e-01
8.179846498231806429e-01
8.172687764616660688e-01
8.206161381786200026e-01
8.068299382708632450e-01
8.174733612858741116e-01
8.129389963587879686e-01
8.183659900466130344e-01
8.121614535696113357e-01
8.129175133227988237e-01
8.105548112385944082e-01
8.124874021310225514e-01
8.117261722046547057e-01
8.152069769951862943e-01
8.100176046757915360e-01
8.129751455715719111e-01
8.106910363809025633e-01
8.125734620740009406e-01
8.061613872217274768e-01
8.157043166750461705e-01
8.086058211642550564e-01
8.108292085532873283e-01
8.050938896909761722e-01
8.134221245882468088e-01
8.100359343451607463e-01
8.043824951417722913e-01
8.079162065998195530e-01
8.109685857574975287e-01
8.090379818096964382e-01
8.110876342436335040e-01
8.100026841597707250e-01
8.108705549286102654e-01
8.107645287021750802e-01
8.024545416003350251e-01
8.095025452505999475e-01
8.102445617590142701e-01
8.078269247093692318e-01
8.094055516207401269e-01
8.024214197985656272e-01
8.058297554063285073e-01
8.080220810029370426e-01
8.110696164911640471e-01
8.086889582404038768e-01
8.103842911764770340e-01
8.113526092214284891e-01
8.061487093747166099e-01
8.075461993463202148e-01
8.118986587609188232e-01
8.115942304877754587e-01
8.085362377640218368e-01
8.093010135677191075e-01
8.086068360800648946e-01
8.082658535132275501e-01
8.090081391387824450e-01
8.071875084774218223e-01
8.071602749627725393e-01
8.106790831525294561e-01
8.121945752276366060e-01
8.063880301715135035e-01
8.166564874768909021e-01
8.062942221129935083e-01
8.094663354221205420e-01
8.097800341423343484e-01
8.018416747904558717e-01
8.091700779085432282e-01
8.085835869311162050e-01
8.147801784229387057e-01
8.120720894221360453e-01
8.063238173317738289e-01
8.111241337251748895e-01
8.101672749562752740e-01
8.128597532223396094e-01
8.157652967564151814e-01
8.067277663840736190e-01
8.122717214041634826e-01
8.163086658116134320e-01
8.110224385249479306e-01
8.186992909490036219e-01
8.116916385698970116e-01
8.099607630530880620e-01
8.169402847790634414e-01
8.102869451085301655e-01
8.159116645721141703e-01
8.150995040941414471e-01
8.138476980469938615e-01
8.144317818858272107e-01
8.106226624647876466e-01
8.119139389563596598e-01
8.134071058133167664e-01
8.113240449217489214e-01
8.103737855603817541e-01
8.148388950302700717e-01
8.094279376206842125e-01
8.163142484687210265e-01
8.105403879376995580e-01
8.160376239379556473e-01
8.182541441877346777e-01
8.176598818340349295e-01
8.127945571212619180e-01
8.124003776426571566e-01
8.102909801142903490e-01
8.156203470378281528e-01
8.125338470709888572e-01
8.135609619449234442e-01
8.203496729600507908e-01
8.161462645316890363e-01
8.199485922423604967e-01
8.203717112270788592e-01
8.186480183146309653e-01
8.180929911365903973e-01
8.142485833806377693e-01
8.202441226673264918e-01
8.141815945561237111e-01
8.101243265380896341e-01
8.125274310946444256e-01
8.179788949655805164e-01
8.162299015426576210e-01
8.153129499215707732e-01
8.195757591433729949e-01
8.187953723395393624e-01
8.204637703351472799e-01
8.162789260368407129e-01
8.190051351184579609e-01
8.171932360395930406e-01
8.171551109632499976e-01
8.145272087269792571e-01
8.261467674655528226e-01
8.221779984878305747e-01
8.210576720304334497e-01
8.139970742117211833e-01
8.183896089924934669e-01
8.249512350831595953e-01
8.248418525095585485e-01
8.200854017744872992e-01
8.145773619756675465e-01
8.189864136024360697e-01
8.221756875719546942e-01
8.185380439753772164e-01
8.146823121407061885e-01
8.133464946315157595e-01
8.152627624289291441e-01
8.174458505609072390e-01
8.171438087327302924e-01
8.167000993813511300e-01
8.142836493669165510e-01
8.208130762835071925e-01
8.195574801999706560e-01
8.135491813821715823e-01
8.128374256345606286e-01
8.162317775024244826e-01
8.171887467118104098e-01
8.172717003078276976e-01
8.126546852643693475e-01
8.193893335107460540e-01
8.165192340132376714e-01
8.185910512282904561e-01
8.149000757683497742e-01
8.163008776053930493e-01
8.181804287889296035e-01
8.183528917299974781e-01
8.175547029413920974e-01
8.233683516619523246e-01
8.161920562355449160e-01
8.142289846591518332e-01
8.193610848935597435e-01
8.166134149902164463e-01
8.109613945002710489e-01
8.171309952098656515e-01
8.171647568116819915e-01
8.104188190650738477e-01
8.098050359153010636e-01
8.178883992700228811e-01
8.150809190896515233e-01
8.118641270226234496e-01
8.180248700859785727e-01
8.124632481452028765e-01
8.136704525654694375e-01
8.153244577997077469e-01
8.182332271981919147e-01
8.141056467814314912e-01
8.125391565283134332e-01
8.157602824218561643e-01
8.099290643921185362e-01
8.164480788590728899e-01
8.084926733620115824e-01
8.116182147878086006e-01
8.117547584668943772e-01
8.088206231819384806e-01
8.104132488106273735e-01
8.093356921340318921e-01
8.067302751605084365e-01
8.025079170985289778e-01
8.121763445207468290e-01
8.075017010887428626e-01
8.095907226967358206e-01
8.059883103585127051e-01
8.026591266939905323e-01
8.080228897971187818e-01
7.982753030033901132e-01
8.053620194706586632e-01
8.001019564006091045e-01
8.040291594796358243e-01
8.037797620544879784e-01
8.033966860936291310e-01
8.001898899663246745e-01
7.977270342471660669e-01
7.948447083367186083e-01
7.982563620062634868e-01
7.918743126515793707e-01
7.934746639223353437e-01
7.959640569726604831e-01
7.887995659494936307e-01
7.881728613881719969e-01
7.965694587871234855e-01
7.910292277970718544e-01
7.922049668136679212e-01
7.908731620148704566e-01
7.883846154406739526e-01
7.890443859714098007e-01
7.861311653568304747e-01
7.841858800516123829e-01
7.856837416552229225e-01
7.865078416613852097e-01
7.895702870134208018e-01
7.842256347127454230e-01
7.829742471167672191e-01
7.817465690001795808e-01
7.783167566222660705e-01
7.790115642742814206e-01
7.789777571589325822e-01
7.761655868628922761e-01
7.798070271681498689e-01
7.783360542739234944e-01
7.767954541743153918e-01
7.761841412931294037e-01
7.695003049246694760e-01
7.717067670128906487e-01
7.706449151310972301e-01
7.653970705064655489e-01
7.647171301326868287e-01
7.689202977538905914e-01
7.632779586817727280e-01
7.663311492259354818e-01
7.600984066025819885e-01
7.601495150079864427e-01
7.606743232288731837e-01
7.549948415265756996e-01
7.593934250143371534e-01
7.595399995455819342e-01
7.590787122204103454e-01
7.564991292878421314e-01
7.526855883483070109e-01
7.532458709467773073e-01
7.440743528930287010e-01
7.501625994162327560e-01
7.453760095865670232e-01
7.404330712097852984e-01
7.456486774961007535e-01
7.435080050257550921e-01
7.401231453786504266e-01
7.396548269134782805e-01
7.372207218904991421e-01
7.390371691975269330e-01
7.381700009984963895e-01
7.303233701424706181e-01
7.348925285256228124e-01
7.239628875907830885e-01
7.258102734902009967e-01
7.260180995290091976e-01
7.210869509665358557e-01
7.230206660130845675e-01
7.159178655179267992e-01
7.149509613665829821e-01
7.144270703657850108e-01
7.107080212529139907e-01
7.131088531191278612e-01
7.109824358053107307e-01
7.097121065945041218e-01
7.063172192630980950e-01
7.017057698500182017e-01
7.027682970027296916e-01
6.977191583848404433e-01
6.957787393478657156e-01
6.960781070982925423e-01
6.956264763966103493e-01
6.938162879663910543e-01
6.906585777103935175e-01
6.906246555188801928e-01
6.843819904995819270e-01
6.871955091872787857e-01
6.815390242351411221e-01
6.810945262139103118e-01
6.804845115216777707e-01
6.812128476060950177e-01
6.688945262281228432e-01
6.748637636895092884e-01
6.674118788649325840e-01
6.687555371611083599e-01
6.634394818247404402e-01
6.631694571499890944e-01
6.610621021918138274e-01
6.561059803373728849e-01
6.527598193746176891e-01
6.479100891737837875e-01
6.481944098437242285e-01
6.462173300282678667e-01
6.424104369707767104e-01
6.400025463280649696e-01
6.430914201756378068e-01
6.383348154477097580e-01
6.324075520732441724e-01
6.320650703003525273e-01
6.275700068808193199e-01
6.229249782072019404e-01
6.275092482510266079e-01
6.191138115345270476e-01
6.155618310017183514e-01
6.180047197296620887e-01
6.105301052873749468e-01
6.092785888391419880e-01
6.059719023566781937e-01
6.055778135199310075e-01
6.001321948622494462e-01
5.980018957836616966e-01
5.960871557406522969e-01
5.945131249650292826e-01
5.908227237540961685e-01
5.864935601200921278e-01
5.875087064816149063e-01
5.809565210877656316e-01
5.808278791379488659e-01
5.739698387992662187e-01
5.723883238611919833e-01
5.668882447971709260e-01
5.718317194652997593e-01
5.646407703713652859e-01
5.619077717834670693e-01
5.585715949122377344e-01
5.592936266169716841e-01
5.493459945987143600e-01
5.520642527239003616e-01
5.444661731697560958e-01
5.430462914065190549e-01
5.409873604303861994e-01
5.375920223464104586e-01
5.318895464118067462e-01
5.319679114354036731e-01
5.264737632592446648e-01
5.252521373922438563e-01
5.223049577862209913e-01
5.216401846356159000e-01
5.161782765453989397e-01
5.110884403236340967e-01
5.110193416649322362e-01
5.043863937917311135e-01
5.040937062317345507e-01
5.016538863789760105e-01
4.953309605667061688e-01
4.964583811033277394e-01
4.901324045958106446e-01
4.879209205027502660e-01
4.861919725095535938e-01
4.820208565271393852e-01
4.830055538491096478e-01
4.784024985444470524e-01
4.739555738070354574e-01
4.713839451275568804e-01
4.698414914581358626e-01
4.677782591369299414e-01
4.624825600579250962e-01
4.595398970685889428e-01
4.533778600461748076e-01
4.560452266547769251e-01
4.499825848300891273e-01
4.467236837384988002e-01
4.459355984472500589e-01
4.415957836773593548e-01
4.395372921073545935e-01
4.340393923722671854e-01
4.311881311008911588e-01
4.278120788184206491e-01
4.275844632059980777e-01
4.253095844657572289e-01
4.192001161238168017e-01
4.169190305095171190e-01
4.140348954560092998e-01
4.095820935086675330e-01
4.075980466870171015e-01
4.065884772567551764e-01
4.046175394831992844e-01
3.994022443219452656e-01
3.967489213152550764e-01
3.967254383537623941e-01
3.946654738443556854e-01
3.904904942261160361e-01
3.870862214201042373e-01
3.880923419433313648e-01
3.820627842021128706e-01
3.791944246768743088e-01
3.792089138956359351e-01
3.732706796930219117e-01
3.699380467240538928e-01
3.670189699973401276e-01
3.663863015845651994e-01
3.643249665840641027e-01
3.638004430351382545e-01
3.616563195094794070e-01
3.554528310808999225e-01
3.513026351108192169e-01
3.507591833749433285e-01
3.504173902537519592e-01
3.464315946652407052e-01
3.436424491716118523e-01
3.403325023830554574e-01
3.384803215176213631e-01
3.339203278678934406e-01
3.334830443495697128e-01
3.314438357910040600e-01
3.271683451142020638e-01
3.276180096184077573e-01
3.237159519370300109e-01
3.211638038984640509e-01
3.191004803601830697e-01
3.163147227215249435e-01
3.141733996725533107e-01
3.105598971519193952e-01
3.083686616727454588e-01
3.075529719223625280e-01
3.049402405201753763e-01
3.006534708868979222e-01
2.984260567010373344e-01
2.972457795470140884e-01
2.950713367511292318e-01
2.907013233245032691e-01
2.895745342611626416e-01
2.889571472169386590e-01
2.847547146149396746e-01
2.847906290290570519e-01
2.818372650898007814e-01
2.806269103708085022e-01
2.759879618935416334e-01
2.763330983982725253e-01
2.721585948938897714e-01
2.708041060713805570e-01
2.686891752504649289e-01
2.637570437126067757e-01
2.635437596909264713e-01
2.620923127994579382e-01
2.607999496933751105e-01
2.574594574514718626e-01
2.550372384896265054e-01
2.515642783532557880e-01
2.510487251703114042e-01
2.471261333525759107e-01
2.468324796845841052e-01
2.437633591284313617e-01
2.428765602355057174e-01
2.380424277263124277e-01
2.375180863160445133e-01
2.340970553464581938e-01
2.321121508404793421e-01
2.318335329234092468e-01
2.301939240922130647e-01
2.270557280598558547e-01
2.254126119437776521e-01
2.230446894965672777e-01
2.226714080812209062e-01
2.188584015111690040e-01
2.181769199289637362e-01
2.155179685049628813e-01
2.141328227166173215e-01
2.103712719001432085e-01
2.107874060008668726e-01
2.068746783205841211e-01
2.068709607925022786e-01
2.038537440634795306e-01
2.023749894060781485e-01
1.997224591242988123e-01
1.988779963608832135e-01
1.957390253269286062e-01
1.939486942492321120e-01
1.929995274484338497e-01
1.911946007912823098e-01
1.876653444794892378e-01
1.873296640474569896e-01
1.842237932293606661e-01
1.837924213052109790e-01
1.813279625343637846e-01
1.815242347550162783e-01
1.780414752713664617e-01
1.768312010965521763e-01
1.745131569451114362e-01
1.733670072456677813e-01
1.711501740041814490e-01
1.692573864825097085e-01
1.667063385836196621e-01
1.661135818462770586e-01
1.650109911631403026e-01
1.624525523735070032e-01
1.604227724868752814e-01
1.584280412263594784e-01
1.578572539308516764e-01
1.548599096313387491e-01
1.539111641329441449e-01
1.525989113268627628e-01
1.507763755376345938e-01
1.487422707960645851e-01
1.475973768401892539e-01
1.460199530355917319e-01
1.437918959681843412e-01
1.420074554050145266e-01
1.398804347970243611e-01
1.390158403190814018e-01
1.372713316385199833e-01
1.353341030284892221e-01
1.340312688048926337e-01
1.322228623606510056e-01
1.307437079269823943e-01
1.301464040206251893e-01
