9.561505139678833087e-01
9.168460358640518892e-01
8.866792724922648583e-01
9.793187464868559067e-01
9.200816289335846943e-01
9.798346200263310379e-01
9.057583824899401170e-01
9.514087338622346790e-01
8.819077542271617220e-01
9.404753872718446539e-01
9.809836936783865591e-01
9.948419462483740761e-01
8.718744866455900855e-01
9.662494441623212804e-01
9.118523401800027184e-01
9.403071319894340530e-01
9.164171629397985797e-01
9.875485462412594284e-01
9.873687101911454711e-01
9.019827827439093060e-01
9.527385056443954392e-01
9.271607103118150173e-01
9.296591028940316415e-01
9.624352671191659381e-01
9.394532046199373099e-01
9.636451913529098245e-01
9.523252844709343412e-01
9.191545134232218528e-01
9.279332275468193947e-01
9.342513817578207425e-01
9.269500093710849598e-01
9.229963199678578034e-01
9.461062683368034465e-01
9.113724596518061327e-01
9.166653361682643997e-01
9.569128457143353250e-01
9.593513529796845463e-01
9.443867640605425606e-01
9.805270442420556121e-01
9.568055230477016115e-01
9.566021089349981965e-01
9.393301287038610115e-01
9.566688688976314747e-01
9.064534653839770861e-01
9.323145793588523134e-01
9.693353892511044068e-01
9.215170003261321519e-01
9.241919070632987898e-01
9.766330612158810043e-01
9.273805248747274410e-01
9.769713739662938545e-01
9.282636356978811731e-01
9.137200692873409524e-01
9.254388856764009796e-01
9.486588511739936225e-01
9.283241453269235333e-01
9.428585234453825681e-01
9.071514300023153510e-01
9.424966707983054581e-01
9.114990612099910239e-01
9.516754689956672397e-01
9.383622015811923234e-01
9.594019295821545334e-01
9.400653797324526328e-01
9.503353320168206331e-01
9.353993263964044402e-01
9.432056369569261634e-01
9.504097461206340025e-01
9.421340314392163684e-01
9.622764331122997117e-01
9.357224747795239717e-01
9.351380084580620533e-01
9.528830530365277607e-01
9.399445616892905253e-01
9.442024968482541913e-01
9.228948663727081225e-01
9.368874198178720469e-01
9.210590895093826447e-01
9.209545609425235924e-01
9.198312647683650756e-01
9.503980228170737510e-01
9.642412004003322323e-01
9.440894628127034505e-01
9.485793610751711569e-01
9.343434106651634652e-01
9.324045444300805840e-01
9.416831772965873482e-01
9.605438523453971866e-01
9.473169057106706203e-01
9.521370582222175027e-01
9.529583322502135356e-01
9.331687260276585461e-01
9.268110718310742513e-01
9.608736345023932701e-01
9.439268403989020673e-01
9.385800105500502477e-01
9.709982604227662684e-01
9.630301442658956157e-01
9.398297534702613198e-01
9.358751048776458026e-01
9.435984228319669320e-01
9.413423729743021218e-01
9.179293076467387458e-01
9.336309753057315808e-01
9.689450960886917263e-01
9.475389697778058284e-01
9.285406867396319708e-01
9.261909791082478804e-01
9.176365495246882054e-01
9.387648785755883241e-01
9.427938170033712817e-01
9.359477732604220002e-01
9.552871676610258378e-01
9.310494832071276594e-01
9.377244434922742400e-01
9.215733998832367213e-01
9.302945193061186169e-01
9.472204704373443640e-01
9.330269156261808972e-01
9.558941428053249201e-01
9.264656747372698176e-01
9.463009554120017652e-01
9.427003031803444788e-01
9.350720997383762390e-01
9.428607358037061070e-01
9.296235451139736039e-01
9.252351115953713068e-01
9.388609936200981165e-01
9.440045722791493565e-01
9.400371001048520858e-01
9.292066031893260192e-01
9.391030049345178154e-01
9.342710087199620483e-01
9.419719901152173724e-01
9.294947170585716734e-01
9.448826374901140301e-01
9.341363880182196322e-01
9.369825268287887976e-01
9.387828553381605268e-01
9.390476629849884294e-01
9.498205977282190293e-01
9.242619147400611412e-01
9.480266105218302375e-01
9.242746805555605016e-01
9.448446308523527071e-01
9.465118988274102696e-01
9.406049967237095633e-01
9.418600438856613577e-01
9.357237641777299553e-01
9.442240416568714600e-01
9.253985216873715780e-01
9.410346454143720951e-01
9.278932370348152991e-01
9.272760706619765925e-01
9.486798997602453598e-01
9.317708442488998877e-01
9.404661711913077093e-01
9.372916745149214579e-01
9.380407976200108022e-01
9.253741364996715957e-01
9.206974878333574752e-01
9.308016935047586093e-01
9.362789969357301345e-01
9.464383933519439074e-01
9.465050765215544670e-01
9.386950170920039804e-01
9.381696736742268783e-01
9.337288027986403449e-01
9.623082822097078770e-01
9.349701682147552040e-01
9.331340597738425613e-01
9.419786657065328805e-01
9.329316503650292303e-01
9.392531900518952259e-01
9.205720492913219699e-01
9.415268400661193082e-01
9.206707218052039288e-01
9.520061032839765014e-01
9.216895156188843474e-01
9.419654456366118866e-01
9.439330209826887197e-01
9.452650869386883814e-01
9.366002271347098063e-01
9.385049686183764006e-01
9.437677244625051198e-01
9.461674641591958368e-01
9.281440100118689696e-01
9.401009278117044010e-01
9.487411065581574654e-01
9.371668666488008892e-01
9.364439321910454916e-01
9.317221387741680960e-01
9.380611426891544147e-01
9.331086442589552332e-01
9.293596344706746004e-01
9.519892169123609360e-01
9.202596857174982770e-01
9.389984640472404109e-01
9.306984243863976047e-01
9.334767801232488615e-01
9.273508702357681210e-01
9.439974568210943717e-01
9.441755826388700257e-01
9.351673989314276403e-01
9.482665949325002064e-01
9.477645840506657704e-01
9.325517120350088618e-01
9.251938672472799219e-01
9.323858942800160587e-01
9.291874881236108497e-01
9.465027110667808552e-01
9.361029799459372747e-01
9.413069131962371605e-01
9.312842941304882993e-01
9.432230019884835226e-01
9.419127862683116525e-01
9.306092802585624879e-01
9.294483991279877122e-01
9.230308400754130282e-01
9.362341011899154575e-01
9.413731720450821960e-01
9.423719684487681381e-01
9.589533120889375262e-01
9.348261931905400557e-01
9.405220706832929656e-01
9.286912344790552165e-01
9.492031172632702241e-01
9.238507387298834361e-01
9.341316504201011561e-01
9.415889292485970508e-01
9.353945333107642757e-01
9.320512192704979437e-01
9.420602645051178170e-01
9.276165629229109477e-01
9.383667462457180308e-01
9.317610014949364583e-01
9.351445061327825492e-01
9.446714007462868601e-01
9.342136782049679233e-01
9.409231445037729014e-01
9.458849346938356106e-01
9.352633759860066176e-01
9.405275266871697681e-01
9.437685794464978351e-01
9.339488507239256387e-01
9.292855211318361563e-01
9.201941954558096048e-01
9.403473494199344751e-01
9.434498253707320758e-01
9.318833379994189148e-01
9.287122406007631836e-01
9.267095844104884517e-01
9.275467661890614002e-01
9.389195178385925100e-01
9.378233188978356560e-01
9.381828753472588600e-01
9.388883367371435584e-01
9.404451326882747875e-01
9.284607052469417976e-01
9.285318289339590248e-01
9.478744150265246970e-01
9.265180624522019182e-01
9.316436191081904905e-01
9.268040293970942756e-01
9.336659208236833818e-01
9.241983388838050928e-01
9.393200100414985654e-01
9.344572465640610393e-01
9.373642688286195623e-01
9.349040096207213990e-01
9.395489880915561809e-01
9.396623257384058014e-01
9.391177095688882925e-01
9.372477753251793331e-01
9.282870067173072393e-01
9.303686012118506099e-01
9.339012178095666972e-01
9.264327826114413522e-01
9.440237827635693524e-01
9.286519149304126586e-01
9.424219433235296872e-01
9.445328648643580571e-01
9.331637728935995302e-01
9.387032691778129934e-01
9.321376343831418998e-01
9.367072987328657341e-01
9.307763311619112745e-01
9.151017537568155724e-01
9.449710181401704823e-01
9.418699382424948752e-01
9.302098662463872403e-01
9.461340004916009017e-01
9.276432994431448309e-01
9.391495901740232188e-01
9.332759306280271616e-01
9.356703123225629248e-01
9.178982835135321983e-01
9.465313913650132971e-01
9.344166790410918244e-01
9.325286421722946972e-01
9.356066364430279947e-01
9.288299631422086700e-01
9.332368180410747227e-01
9.310253033734335881e-01
9.243562347017314496e-01
9.283203419324320693e-01
9.210182871088459233e-01
9.393904411378777297e-01
9.343653958421582750e-01
9.273063475828751123e-01
9.384734816209820973e-01
9.274946648739654798e-01
9.405621993038619788e-01
9.249860401097383944e-01
9.301292296326184594e-01
9.413612769635973931e-01
9.262499474701948454e-01
9.253098937244750299e-01
9.298801661862097223e-01
9.378341826409996029e-01
9.228553742515860359e-01
9.241243430442387385e-01
9.290881714364294108e-01
9.320275562853383988e-01
9.348844120468544627e-01
9.338677578336258556e-01
9.458337754233203665e-01
9.391831379384278922e-01
9.420358896289673378e-01
9.394457764683928902e-01
9.367587368938173897e-01
9.354245527906974722e-01
9.318330530842749981e-01
9.321801685755513045e-01
9.392387062989603352e-01
9.320321558223426672e-01
9.283700852062705122e-01
9.389018091188495729e-01
9.451919414971307054e-01
9.320157285636540001e-01
9.218585597747520621e-01
9.412824998459210502e-01
9.388961625161706959e-01
9.394838466270275523e-01
9.289369060826369040e-01
9.327381155940934754e-01
9.473845817410623260e-01
9.128378697926062824e-01
9.298692122664268256e-01
9.329952751557729629e-01
9.312361431921647448e-01
9.232219918459295682e-01
9.276407628078715550e-01
9.393069984113882054e-01
9.381949589872848883e-01
9.230651584356951433e-01
9.256017054296753477e-01
9.303266958649755169e-01
9.366062869958117210e-01
9.357270275124309755e-01
9.396737174486459176e-01
9.267198707205518415e-01
9.326023808341833421e-01
9.223019942835865015e-01
9.395284475051077777e-01
9.337080392387262506e-01
9.294508781182372337e-01
9.345781733834921390e-01
9.345663465321727426e-01
9.423822074657796088e-01
9.430816396136146862e-01
9.464319930333562336e-01
9.360000039688154416e-01
9.322779500616328319e-01
9.375633649589525387e-01
9.227106359496612953e-01
9.397225434650676723e-01
9.417909298968450971e-01
9.352602520226943605e-01
9.329202348518631505e-01
9.411822680424352106e-01
9.481788026984697693e-01
9.283549069241053830e-01
9.242984960634723635e-01
9.299631692562314589e-01
9.620101972618327890e-01
9.515920188147936054e-01
9.434898979129745511e-01
9.419149012145121569e-01
9.346568083133474092e-01
9.482765093723073413e-01
9.449465783606846303e-01
9.434120765885136706e-01
9.377743604054596949e-01
9.359228198293786383e-01
9.448481689530489058e-01
9.308682297285847396e-01
9.484629348831927764e-01
9.526468399616626614e-01
9.469599004671319653e-01
9.507941896502701828e-01
9.470819468171169930e-01
9.479838484524069075e-01
9.579598138525798889e-01
9.461596909985818815e-01
9.513627878189829801e-01
9.407097687217109705e-01
9.469625990793620884e-01
9.498262217814136266e-01
9.385067568033519381e-01
9.397407230003708145e-01
9.433208226470705116e-01
9.496891586621286629e-01
9.582658123270556549e-01
9.516772513181559479e-01
9.424369546022711708e-01
9.471084618707045211e-01
9.532351839787954750e-01
9.534184431560923656e-01
9.524708721612324958e-01
9.490163001624415395e-01
9.418737121430917902e-01
9.540818760301267298e-01
9.516571889555851538e-01
9.469953660508516613e-01
9.502230457270556263e-01
9.516409545242827672e-01
9.542876050732920223e-01
9.511506592503007340e-01
9.566488933964699681e-01
9.514989681774477237e-01
9.511524230664061275e-01
9.559802108034682888e-01
9.639474700659409478e-01
9.530331706457860763e-01
9.402669855782731512e-01
9.484188961084832892e-01
9.517103035041585279e-01
9.517444164763929626e-01
9.451699952456372733e-01
9.507660050709250132e-01
9.558809275425526053e-01
9.659597359539995320e-01
9.666944374410322283e-01
9.640029469707337428e-01
9.519557877496656051e-01
9.519854330055148584e-01
9.517574178361644099e-01
9.624194467701184807e-01
9.606138772734206244e-01
9.578442202448639309e-01
9.522068986521400324e-01
9.595810269894727851e-01
9.573124548523457289e-01
9.466693392114980954e-01
9.586803466250453098e-01
9.676465611546534173e-01
9.685382775318182036e-01
9.530943802673583765e-01
9.635578240686595297e-01
9.686573147758833491e-01
9.704501325805742207e-01
9.621883719183839112e-01
9.535701353128474000e-01
9.599881732443833471e-01
9.638201212199223322e-01
9.487794728505659636e-01
9.570889947753746796e-01
9.510574782067602317e-01
9.596980295855744858e-01
9.625744941179432690e-01
9.558993335141077186e-01
9.604798413758733888e-01
9.585136913828081751e-01
9.673534149687254002e-01
9.571593756720906399e-01
9.592962782722636028e-01
9.611927525778731773e-01
9.522300706776452017e-01
9.577958013092273681e-01
9.628303155097289734e-01
9.545552985795491274e-01
9.545651843534579406e-01
9.583599008898058269e-01
9.552915637260827042e-01
9.573992050488551175e-01
9.589512262785935270e-01
9.592930519364234465e-01
9.551539642479343062e-01
9.584289315480153393e-01
9.437968488089673036e-01
9.528199773408486672e-01
9.585642166885198767e-01
9.499781125796081804e-01
9.570548491106307676e-01
9.522297595584958696e-01
9.575306632461801915e-01
9.566767629220997993e-01
9.457624588565304302e-01
9.690254910138412781e-01
9.585793884808775367e-01
9.645355293477916314e-01
9.639237535793709899e-01
9.630067064797646070e-01
9.544517615633640872e-01
9.548739420539466005e-01
9.615781788216903880e-01
9.569167161295463186e-01
9.544233694991676176e-01
9.569702465482778919e-01
9.480663626013763334e-01
9.564497692268103535e-01
9.512954178184959142e-01
9.477738808816416061e-01
9.586876407111140086e-01
9.576908737339918654e-01
9.523887190539301884e-01
9.542465344059531951e-01
9.401865246160107104e-01
9.631828172834274726e-01
9.541991810579147915e-01
9.599434613808450756e-01
9.527099972109298598e-01
9.618607933244223140e-01
9.596816717701843746e-01
9.618725572679098779e-01
9.559286937814353013e-01
9.510488160987899953e-01
9.490687769099944715e-01
9.475678559373197363e-01
9.569961306977363691e-01
9.374427877644210261e-01
9.531502710876403883e-01
9.548374094824532143e-01
9.563138679238269990e-01
9.418465503646268333e-01
9.424052026739058174e-01
9.585028961496331323e-01
9.592546118804428090e-01
9.544988192125251070e-01
9.567145669135547204e-01
9.540757335058244193e-01
9.570713350468401659e-01
9.483588766324259067e-01
9.452445822590730407e-01
9.513883601204509155e-01
9.449267198447007798e-01
9.436740934336689257e-01
9.540202472959660174e-01
9.429033477907401428e-01
9.461578484723287552e-01
9.430772400781970433e-01
9.537655310373811535e-01
9.487912052796315665e-01
9.481812431295649768e-01
9.440575671865600871e-01
9.522827355025857976e-01
9.575443127352021300e-01
9.361883232179503134e-01
9.489849802374117349e-01
9.451198954685265941e-01
9.483106440310558050e-01
9.515520638347985116e-01
9.548023763938512376e-01
9.526019737113987640e-01
9.554596972748177208e-01
9.511291516934459178e-01
9.472104759104237326e-01
9.492002403265664690e-01
9.579974764244408858e-01
9.518431320543608853e-01
9.499509557489241862e-01
9.454950716639353159e-01
9.480605270883514235e-01
9.448028752012074261e-01
9.544684354869382714e-01
9.499084987499957222e-01
9.491834623090773526e-01
9.488986196181264932e-01
9.499281668261237987e-01
9.402773756756341861e-01
9.507054857521584079e-01
9.404077948620576111e-01
9.515520534215528015e-01
9.512074994177847076e-01
9.492865911864717399e-01
9.385829487839268959e-01
9.380023131332149156e-01
9.400872148000093409e-01
9.450768267415474710e-01
9.445906653079110260e-01
9.574096867681374246e-01
9.493205088606468944e-01
9.452748551460409265e-01
9.495626614671514032e-01
9.344524103074766108e-01
9.532992562276078052e-01
9.455593729776640144e-01
9.484529685152387479e-01
9.413261207719719748e-01
9.479609269109836589e-01
9.500284103882240538e-01
9.485264052237970533e-01
9.503359468573405744e-01
9.440990894361281915e-01
9.508928931843266819e-01
9.386042373262046823e-01
9.484991351599377785e-01
9.383581110828338456e-01
9.489779831613880390e-01
9.442978241203090484e-01
9.509035295163201784e-01
9.493446251984989370e-01
9.428567391206423842e-01
9.473946040137092295e-01
9.420121953496037870e-01
9.467016239781478326e-01
9.426403755876369139e-01
9.517085508708386099e-01
9.618255632006202926e-01
9.452627205786853226e-01
9.460517238901168247e-01
9.388520324042960441e-01
9.519789606761697165e-01
9.424527565268242535e-01
9.519431067471860741e-01
9.451025229305085595e-01
9.462916632737424782e-01
9.525291894053052877e-01
9.539283152280264577e-01
9.535044386369410097e-01
9.486877266195533620e-01
9.433672480832260288e-01
9.570709715577341292e-01
9.420778920118677568e-01
9.501380969796563436e-01
9.525559500452874806e-01
9.577351517050056717e-01
9.475289687518376747e-01
9.512041355556136724e-01
9.482278899202718492e-01
9.472341358787154109e-01
9.532157165222441275e-01
9.487838106115237258e-01
9.529098327553956471e-01
9.562617468876764004e-01
9.474629511421481798e-01
9.543811480883046539e-01
9.538761187098758754e-01
9.535211738910986945e-01
9.657162121982485470e-01
9.506713780789235457e-01
9.563329382232349518e-01
9.465200159875747365e-01
9.534969083923299227e-01
9.595642190668930427e-01
9.648774523189533880e-01
9.561259732512981113e-01
9.561137647609400103e-01
9.563233795439860518e-01
9.541416692196406091e-01
9.598683628803449386e-01
9.543661676445259756e-01
9.538168994570823678e-01
9.572705234229101912e-01
9.561603630397176312e-01
9.601673096904862481e-01
9.579809847113084365e-01
9.513178846541325839e-01
9.677561951717423838e-01
9.629119645968842178e-01
9.555715536706346214e-01
9.625084811021971110e-01
9.684496841407445045e-01
9.517430971372261572e-01
9.621061623393818429e-01
9.610991979882513858e-01
9.643818492813488463e-01
9.667971210721758579e-01
9.570219732123979028e-01
9.618108990173023232e-01
9.544495061887673382e-01
9.669967856101179260e-01
9.788042017644520421e-01
9.701842748789036852e-01
9.645110831163369314e-01
9.585900465127977776e-01
9.671549750274764934e-01
9.623739528865531412e-01
9.617075153423804146e-01
9.654982478740641305e-01
9.595197756529614264e-01
9.659279098961246479e-01
9.696566815712901466e-01
9.573254343934208821e-01
9.720347483144847756e-01
9.650622151681879091e-01
9.604457668416004346e-01
9.725485399186650781e-01
9.669473953954638157e-01
9.684029661180969528e-01
9.643154629720039894e-01
9.682337620493773889e-01
9.625757140100652531e-01
9.731049097325541464e-01
9.729520635894371994e-01
9.692217520990478175e-01
9.639619903234446507e-01
9.720699754098945933e-01
9.790855461123103565e-01
9.725914676029462358e-01
9.662526432654662267e-01
9.686385342940053711e-01
9.761967649172883510e-01
9.661322081957721686e-01
9.687819409446472019e-01
9.756822998739693720e-01
9.683877091761281530e-01
9.660901381463102844e-01
9.662222031775219433e-01
9.763967238947495186e-01
9.711972295717185011e-01
9.630734120882019633e-01
9.632522613783490728e-01
9.777695761049555179e-01
9.766501790894216439e-01
9.702834948351434230e-01
9.769578909212045525e-01
9.769774380592931573e-01
9.691704145360535705e-01
9.689617619066025478e-01
9.657462929273847863e-01
9.753975041513607280e-01
9.773600126928236875e-01
9.733927887489534081e-01
9.734728759512292218e-01
9.731204863633247104e-01
9.692950840680566449e-01
9.707105136830053160e-01
9.755204334856486525e-01
9.741020121131254150e-01
9.694689728783664195e-01
9.741254207587475289e-01
9.705515418923625903e-01
9.763312458867894339e-01
9.763417889330773258e-01
9.719729993056287487e-01
9.721119517299414703e-01
9.716607594443676943e-01
9.681982652611381690e-01
9.715180418708273535e-01
9.724056643589950033e-01
9.743377914753349467e-01
9.715820712816506388e-01
9.731129529276637546e-01
9.692547889881665268e-01
9.716980030548841851e-01
9.710452362192367737e-01
9.679760265705880107e-01
9.701513019458399834e-01
9.700120989287531748e-01
9.751892869910638861e-01
9.759337736802321528e-01
9.765837686978339205e-01
9.798267928588761944e-01
9.713879117361643445e-01
9.656328809593407447e-01
9.656456588984656531e-01
9.650740948700925470e-01
9.675745623201426060e-01
9.676476200379242609e-01
9.733084024576696969e-01
9.806699638055002000e-01
9.731440171744156764e-01
9.755865393819502795e-01
9.668847695064124448e-01
9.630349125219850315e-01
9.808213490701337411e-01
9.711586316357129212e-01
9.735426493689702809e-01
9.643449462277368101e-01
9.687554381708375351e-01
9.698785553377823332e-01
9.723393000890827587e-01
9.613456999616230014e-01
9.683581262829351610e-01
9.742409618596665766e-01
9.703989606208761609e-01
9.650878388785720796e-01
9.567734416309884304e-01
9.745608330680330944e-01
9.621645538212065807e-01
9.640469409825976888e-01
9.684532115868970115e-01
9.614348297336358096e-01
9.709401830930537436e-01
9.679555022115143847e-01
9.624400528078803640e-01
9.743995561422479357e-01
9.567880320816219974e-01
9.597641738535166445e-01
9.676188484597642026e-01
9.709601067150652742e-01
9.677795343344505197e-01
9.658477443246111793e-01
9.572374466312096875e-01
9.664968479807268809e-01
9.590690076902006478e-01
9.607941008983952313e-01
9.723129019539419327e-01
9.706329534509336998e-01
9.609195938549714988e-01
9.646390729774593220e-01
9.559900925916910985e-01
9.640117253394563379e-01
9.638520760050925951e-01
9.585169942077189642e-01
9.647385129057585162e-01
9.671954232485038272e-01
9.637275319620620673e-01
9.743783099286094096e-01
9.626946221285053173e-01
9.603392945576566531e-01
9.578194031933009445e-01
9.691973313086730268e-01
9.640415857435732372e-01
9.604350235893914789e-01
9.672173837319998357e-01
9.626092287549925519e-01
9.659881868821881268e-01
9.655040369442584591e-01
9.513685686811260700e-01
9.573228073818546013e-01
9.642257180104534253e-01
9.605887491173027426e-01
9.550530724399025617e-01
9.667243014350964669e-01
9.533298900544355803e-01
9.578905730230461435e-01
9.605627115380666048e-01
9.566154341320751708e-01
9.584744439515340275e-01
9.630129855723448262e-01
9.622996019939711321e-01
9.609462638288301939e-01
9.545658259280515034e-01
9.657915903779380473e-01
9.533867021880342296e-01
9.613376307829932799e-01
9.518849525639497822e-01
9.564100630793378466e-01
9.499930899100688109e-01
9.565064674029497560e-01
9.548481196096365586e-01
9.576483330973080133e-01
9.520769151931557372e-01
9.569085646856302363e-01
9.605183814048532387e-01
9.607304211463775223e-01
9.431492135545674893e-01
9.518452816385127857e-01
9.480699244726690234e-01
9.558189691448102376e-01
9.492224555239787698e-01
9.501902912709594418e-01
9.579694956942192974e-01
9.569724508527368556e-01
9.457947108279256554e-01
9.562923782907152281e-01
9.508616112208998494e-01
9.532925651691123159e-01
9.594767463019457931e-01
9.583395145635891232e-01
9.533584488335415941e-01
9.489075171216133642e-01
9.543988865891278595e-01
9.501681231162205643e-01
9.550257218469054843e-01
9.608791605985987916e-01
9.528825393100812668e-01
9.472798332311610503e-01
9.393853462236047003e-01
9.502956824738135744e-01
9.559449860137569921e-01
9.501116432791915090e-01
9.554615884054424857e-01
9.505904807459536476e-01
9.477769809407380341e-01
9.536904993811132769e-01
9.419456693831992355e-01
9.597016575174860398e-01
9.449082535663840821e-01
9.457388796282905075e-01
9.559671278861315846e-01
9.518785272006389242e-01
9.430838501531988438e-01
9.437110028464432698e-01
9.501943611580941917e-01
9.429899892563893271e-01
9.497620786983539398e-01
9.480202656811819173e-01
9.450970435815254644e-01
9.526249941257528553e-01
9.413113790936044056e-01
9.504104741709065163e-01
9.477027256766339391e-01
9.454235352446780372e-01
9.498877541827279725e-01
9.414553668975472744e-01
9.490005927755291726e-01
9.482483100571728052e-01
9.505509609330929921e-01
9.539065616137993864e-01
9.483561353571817731e-01
9.477857506781371955e-01
9.494719041299397588e-01
9.465745992920793217e-01
9.498866649039552357e-01
9.488090350872998568e-01
9.499706816828685785e-01
9.517307121948237469e-01
9.538502556743394534e-01
9.426785665514340051e-01
9.407405467915678221e-01
9.400651045938502870e-01
9.480270747575801904e-01
9.515874096622479739e-01
9.471482562133681782e-01
9.402551906577590879e-01
9.495869762963171645e-01
9.466386794452609221e-01
9.412558309912006926e-01
9.435696936913453570e-01
9.400738978518221600e-01
9.486129756826318093e-01
9.448423811179808007e-01
9.440653964899599071e-01
9.362586110262339778e-01
9.395048615001905246e-01
9.514955006114500513e-01
9.469644707685670459e-01
9.498140470617116859e-01
9.414913710427927906e-01
9.455727368235257169e-01
9.452997778903118320e-01
9.513877860384981622e-01
9.487465864938955384e-01
9.438680920450160938e-01
9.442387796106658238e-01
9.477279505900665368e-01
9.493862541241934183e-01
9.450331007772883041e-01
9.400753109300137300e-01
9.470437348746783002e-01
9.516623512052631018e-01
9.397431841262536834e-01
9.558030338514925672e-01
9.381707521703251951e-01
9.490743320745316236e-01
9.471700280731653043e-01
9.471063731165930699e-01
9.561674199764157445e-01
9.476331878852344293e-01
9.539285268581229049e-01
9.599435557383796391e-01
9.420105721050592296e-01
9.498969657206178807e-01
9.440494241190304781e-01
9.482923862558295669e-01
9.508969453155243778e-01
9.549261725459448069e-01
9.568360291258670713e-01
9.548237103479574328e-01
9.478734152797084755e-01
9.564750828205412780e-01
9.545630308381750639e-01
9.512230636347259738e-01
9.472620385090583239e-01
9.511244686122326542e-01
9.548794066416701476e-01
9.546610692566321887e-01
9.575477595396101327e-01
9.599170463452717517e-01
9.554567248270284807e-01
9.695006205181165848e-01
9.560556635224632949e-01
9.600283860905175493e-01
9.617021284551060534e-01
9.592910695407328436e-01
9.584338795565128244e-01
9.542536296147461350e-01
9.604019209069271090e-01
9.581187283174048552e-01
9.555768126728635403e-01
9.649335836370386277e-01
9.696154328235288000e-01
9.547569400755405722e-01
9.564767093205583937e-01
9.544843860850005246e-01
9.570296160902150850e-01
9.592371452033899848e-01
9.672371710998715066e-01
9.724302621759985943e-01
9.687449790344710987e-01
9.639893581117071619e-01
9.621570847070085586e-01
9.680391388151331489e-01
9.648037477080338986e-01
9.738128721216915418e-01
9.639432482770701194e-01
9.648316428340524276e-01
9.721322589149142823e-01
9.650562720756329371e-01
9.755226986377034670e-01
9.752862526773300456e-01
9.690925144957295290e-01
9.792183986313793831e-01
9.735678624946451087e-01
9.705689480955572712e-01
9.745042323420207708e-01
9.647020506003828322e-01
9.763396281968936830e-01
9.752232006882665116e-01
9.749859972262816532e-01
9.742501802180097981e-01
9.729688031134291482e-01
9.815617601292379035e-01
9.766423391472748294e-01
9.774598007403288991e-01
9.782984141325723471e-01
9.811016300339703289e-01
9.699588433193709891e-01
9.775384488679976780e-01
9.818231653963145344e-01
9.814534162050309041e-01
9.804250792213260457e-01
9.659002633664931503e-01
9.784696059040465244e-01
9.775936442027152173e-01
9.826230725465697757e-01
9.803633349594659263e-01
9.774910409772504805e-01
9.891315504035746997e-01
9.840128570849215883e-01
9.908957787217838042e-01
9.836358350539788908e-01
9.729226065436655801e-01
9.836665743412249530e-01
9.797642620682410763e-01
9.858041922063459639e-01
9.786422122273937818e-01
9.819449801290556223e-01
9.834082527142177232e-01
9.893826748157321660e-01
9.854774373511611119e-01
9.936384561648449187e-01
9.833213722181514127e-01
9.777790370366528094e-01
9.828780324437375038e-01
9.811057112809556946e-01
9.781601608719356911e-01
9.766396022184743453e-01
9.842123208228051867e-01
9.845314159494280570e-01
9.793886770126032371e-01
9.776571989121491946e-01
9.903529254279102023e-01
9.885035373610644438e-01
9.805566520817393661e-01
9.941229408728111672e-01
9.867424545165683902e-01
9.740072898290670356e-01
9.779235928344123252e-01
9.821901179568216511e-01
9.862038784654040269e-01
9.803403438387723323e-01
9.766505619649081815e-01
9.834441227460021251e-01
9.810339946164032821e-01
9.832349341983929181e-01
9.830795336506550353e-01
9.839049930588900095e-01
9.834904055720723459e-01
9.946146535460651528e-01
9.841690510382087309e-01
9.738969699762904941e-01
9.861579628158539945e-01
9.804042504428276406e-01
9.946236372081281862e-01
9.943801910052247894e-01
9.849743172640436084e-01
9.850863923868869998e-01
9.782215298696880224e-01
9.828068464785356673e-01
9.823887308518078898e-01
9.821630526787238358e-01
9.824132202756359344e-01
9.765581043029670782e-01
9.838715193598651654e-01
9.808766070087037159e-01
9.837695687801919497e-01
9.771061730435250947e-01
9.790916502258809606e-01
9.852779270537987966e-01
9.854315332936283145e-01
9.794231160500213029e-01
9.719138222626703127e-01
9.783691538748697791e-01
9.924591196694497741e-01
9.810812622473741307e-01
9.880140006018208743e-01
9.745822962261465605e-01
9.849672297041678348e-01
9.832704490864928593e-01
9.724503544250242548e-01
9.707222795192755882e-01
9.829632058036715803e-01
9.761780394601424771e-01
9.764533152384423653e-01
9.780616883592161415e-01
9.781651012686688462e-01
9.761791396467832671e-01
9.739005109593016352e-01
9.758018918116168061e-01
9.735440217666307960e-01
9.827554745052020646e-01
9.727004914902076527e-01
9.678119005937183550e-01
9.804305188169597507e-01
9.811860349695069594e-01
9.717216744927338334e-01
9.718234993402599109e-01
9.749934346106632344e-01
9.661906648999185609e-01
9.763416877925114035e-01
9.773211758183583120e-01
9.751975186559038722e-01
9.669022165279193004e-01
9.781610957232133030e-01
9.777595537979887341e-01
9.718445663531013468e-01
9.710267203102677103e-01
9.747318071448454191e-01
9.741701979345843698e-01
9.742333983939598374e-01
9.743938284162220187e-01
9.674989611854843963e-01
9.717736601159553400e-01
9.734107281119436239e-01
9.688498885873052524e-01
9.737925407511536235e-01
9.725568300508435904e-01
9.766264246846789732e-01
9.724992239709587816e-01
9.655856840621235282e-01
9.699796965436595642e-01
9.686711153486431414e-01
9.675679977489283212e-01
9.679952637523921988e-01
9.715178837868831963e-01
9.674841785607811717e-01
9.658954735016072046e-01
9.666730265163486768e-01
9.689673720314314620e-01
9.700380339115983741e-01
9.693781075454874774e-01
9.699637270658177934e-01
9.686569668290311297e-01
9.726062648456795801e-01
9.618267344327475765e-01
9.671412405085874076e-01
9.689618616416446617e-01
9.658984704132408394e-01
9.624840947772284050e-01
9.586013968150174369e-01
9.714225324887754143e-01
9.657946741700597082e-01
9.652386515897847241e-01
9.643612684029672089e-01
9.614456097999570794e-01
9.624339018502198195e-01
9.669527377123218193e-01
9.598368799296788101e-01
9.693612032994582961e-01
9.668018440135869307e-01
9.612072049538754603e-01
9.668951177087452553e-01
9.634043136183541023e-01
9.591072033178917877e-01
9.683614128439028690e-01
9.610611082401039340e-01
9.671147267222592880e-01
9.627666696962776660e-01
9.641276938715098721e-01
9.690671467849859555e-01
9.658242442346162138e-01
9.573271672294124679e-01
9.658629178060978981e-01
9.671755199692178007e-01
9.660342564672050880e-01
9.584565537962749238e-01
9.589683395775759900e-01
9.667209221034318567e-01
9.595751342946583495e-01
9.629072444199462399e-01
9.621523221141199400e-01
9.630330224801953998e-01
9.613785246060340128e-01
9.669927151485584460e-01
9.646143131247313374e-01
9.580489865725257959e-01
9.593704396406916857e-01
9.609126048982278290e-01
9.592309401661684998e-01
9.575461896945646201e-01
9.588086750662848656e-01
9.671165002529283905e-01
9.589793130777105601e-01
9.613403476125192970e-01
9.552041246311840927e-01
9.601084412639004917e-01
9.650212709335928007e-01
9.667949958167385560e-01
9.607173758274714093e-01
9.645545093792583513e-01
9.547954497071338142e-01
9.583824066685714405e-01
9.604672533174123394e-01
9.539850206985852621e-01
9.595672942508611802e-01
9.629098827901102498e-01
9.651253424965123839e-01
9.520411236326804527e-01
9.610774533008663578e-01
9.653910974091642894e-01
9.597989449529465977e-01
9.530428738271545797e-01
9.626981329965845768e-01
9.589272977459503133e-01
9.601066927328352207e-01
9.623838794400042529e-01
9.615362720728063417e-01
9.616821642540761550e-01
9.631996039003150045e-01
9.548426505561596889e-01
9.613321737630433628e-01
9.627776082479032604e-01
9.578111555948619626e-01
9.683505149198271544e-01
9.570809817268305375e-01
9.643294077512201135e-01
9.658302312340378837e-01
9.629210740103685273e-01
9.694821171166568829e-01
9.627439404633882925e-01
9.599639438923177615e-01
9.614166993428006069e-01
9.647706785867542489e-01
9.691381514072429093e-01
9.628139110913379595e-01
9.676386117866019321e-01
9.652092055611336541e-01
9.624847834344902875e-01
9.659602696127002064e-01
9.697926904999665254e-01
9.614300117303496984e-01
9.716471913109677727e-01
9.702265556486846521e-01
9.631824263044007628e-01
9.713651248925712078e-01
9.692795241106170190e-01
9.718526875627393480e-01
9.704179997163564497e-01
9.698384107841417912e-01
9.660701503860535944e-01
9.724757008268696268e-01
9.679499123190901111e-01
9.786305996838879917e-01
9.748562525368389409e-01
9.722790936173392184e-01
9.755804524419208201e-01
9.709441408038156363e-01
9.722056915504924124e-01
9.702084989431332129e-01
9.739904936373420252e-01
9.679252628534640301e-01
9.678422573279066299e-01
9.786110095009096232e-01
9.726491894324348353e-01
9.721602327985704450e-01
9.776355675717532945e-01
9.773214490123537379e-01
9.728869324605260438e-01
9.795386600420772361e-01
9.705913475812595337e-01
9.776491513131572164e-01
9.767399673839320950e-01
9.813551337230136395e-01
9.721261951342132779e-01
9.786599307094741018e-01
9.800096420334193370e-01
9.770045398697255745e-01
9.850965396590324330e-01
9.793269375226528739e-01
9.813008158701613803e-01
9.824971613163969719e-01
9.807403218419250557e-01
9.761752239777330420e-01
9.848414868776711462e-01
9.892482094063238529e-01
9.805342610028471295e-01
9.892318878316169739e-01
9.810832870507697479e-01
9.841837234024468639e-01
9.847505978884074640e-01
9.885934399940484729e-01
9.861607991788400307e-01
9.858808479543478276e-01
9.927615352687960693e-01
9.925662594527527860e-01
9.911417214421019972e-01
9.822502385868211450e-01
9.929985847304865221e-01
9.878637581969096360e-01
9.878696518346227196e-01
9.990832131923252923e-01
9.830160752528717127e-01
9.851130222206825326e-01
9.870098499274865267e-01
9.826793018349494480e-01
9.927434327387347768e-01
9.984473865498921796e-01
9.955226552427985931e-01
9.914961858467475908e-01
9.962676956829255026e-01
9.907836835572525480e-01
9.937775117471913111e-01
9.970779973199227486e-01
9.874695503056371004e-01
9.989151171831665010e-01
9.927649037359198569e-01
9.959880685681944401e-01
9.887152686882110242e-01
9.898612557761083952e-01
9.960952164460282754e-01
9.915776811334746643e-01
9.961873598617848602e-01
1.000078742738667925e+00
9.944412700065430322e-01
9.945556182677168788e-01
9.899959585886899394e-01
9.880200615256068408e-01
9.908403231705010805e-01
9.879194975465306339e-01
9.934071862414284304e-01
9.948892947487194549e-01
9.968903915393484416e-01
9.999291798620999483e-01
9.956596483756755545e-01
9.984709941334312111e-01
1.000527286624933954e+00
9.947328707135658643e-01
9.991618784977788215e-01
9.978012128810656023e-01
9.934780406470312686e-01
9.917406875072457551e-01
1.001297295462176828e+00
9.958830862910671433e-01
9.902693505415820496e-01
1.001047994882668712e+00
9.921495272267878418e-01
9.977201339116384959e-01
9.969891504337552446e-01
9.973475173427461815e-01
9.945466300061054366e-01
1.002996187642439585e+00
9.944300894070640107e-01
9.946049236142241456e-01
9.959343879269325628e-01
9.993002136104237598e-01
9.975631490775885846e-01
9.983928014329701561e-01
9.982735292555651174e-01
9.965932451926480251e-01
9.911263244699031194e-01
9.927109191826525292e-01
9.974243294214644173e-01
9.929675970671129059e-01
9.993993636535586367e-01
9.958533657251875670e-01
9.942935247242961072e-01
9.931977415823914912e-01
9.871982500524679738e-01
9.914897365902890503e-01
1.002414942421229638e+00
9.959998223439248122e-01
9.881388588476271995e-01
9.929938319775485356e-01
9.977925358491528396e-01
9.980962230146989134e-01
9.936416246891308646e-01
9.941968627651375234e-01
9.893453170366708349e-01
9.962117338682739964e-01
1.004126968924532459e+00
9.913185198578883250e-01
9.948544173064203244e-01
9.958778308173684701e-01
9.890031232091349711e-01
9.891798977905725820e-01
9.931861894688207570e-01
9.940622054270883412e-01
9.962078634607994809e-01
9.894871272451601918e-01
9.951684693388332947e-01
9.912506949890078634e-01
9.882360522706097328e-01
9.924293763515781297e-01
9.894277406803566599e-01
9.874795971927036176e-01
9.903129412061900672e-01
9.909897867936368066e-01
9.939509963584648444e-01
9.906173985277917371e-01
9.889725958848559761e-01
9.853911163652716576e-01
9.977427954647639652e-01
9.907784338540676083e-01
9.842649996019008363e-01
9.875878942731445287e-01
9.941370695097870858e-01
9.843692016598500905e-01
9.924019290812524652e-01
9.884276041103040589e-01
9.773241607443295953e-01
9.966198445254192961e-01
9.850242365523537158e-01
9.864699835081836010e-01
9.887270692687831763e-01
9.832049181851619801e-01
9.829688625317306583e-01
9.836484310786914875e-01
9.885523478942004338e-01
9.873889097223733646e-01
9.834105407080578898e-01
9.894718400915972767e-01
9.762050740155895356e-01
9.861158068456677972e-01
9.802879948159324286e-01
9.815746398383042859e-01
9.900368244466273282e-01
9.889226456760534800e-01
9.913603177530041499e-01
9.837063054303816223e-01
9.853011372586932826e-01
9.857011036099708745e-01
9.787256843256267880e-01
9.799952276969220444e-01
9.781219332636557073e-01
9.842011136863030307e-01
9.808978469363769381e-01
9.842005997212083246e-01
9.817118125817893004e-01
9.801427371130038146e-01
9.853751250267636097e-01
9.736599638388537814e-01
9.761641978120567664e-01
9.772234458581481320e-01
9.788342862462819927e-01
9.797273367607842731e-01
9.833136253930836457e-01
9.787827927122619842e-01
9.735320277766484898e-01
9.754219321916917096e-01
9.735740136161816771e-01
9.716131962026381963e-01
9.755726221376911367e-01
9.761525674059273738e-01
9.780191894106745609e-01
9.796698284337984619e-01
9.735661673701040408e-01
9.756068522807368470e-01
9.694940426731329941e-01
9.753434230605388944e-01
9.726517071623211885e-01
9.773982164244324755e-01
9.776435134767134105e-01
9.704141936748003072e-01
9.825967072434630412e-01
9.763542259720554561e-01
9.670091017958111212e-01
9.778500165240366915e-01
9.683204906038298532e-01
9.735960126658770308e-01
9.755213628315854146e-01
9.764228935966551282e-01
9.724627475537672705e-01
9.724806690693882372e-01
9.670607253222620603e-01
9.729124172125410697e-01
9.760117435756833215e-01
9.699058648470744171e-01
9.734374183209463238e-01
9.634158392622208522e-01
9.625818098656575561e-01
9.734100726034542461e-01
9.752080108989135132e-01
9.641159307456670380e-01
9.643491388758589355e-01
9.680675598683123884e-01
9.654550615678649805e-01
9.689212302710585867e-01
9.644669759666909536e-01
9.727483212319560923e-01
9.696034487596632001e-01
9.632332780474892608e-01
9.698686877550340979e-01
9.645889974109812526e-01
9.648561631610421685e-01
9.625558859303063874e-01
9.688193994348207605e-01
9.610995092914236260e-01
9.670017422513187411e-01
9.640539598200111859e-01
9.670817228019595868e-01
9.627599798000283648e-01
9.617824053949313168e-01
9.667570481646864389e-01
9.657339687596725453e-01
9.686762555032485400e-01
9.669736088913477579e-01
9.669582590077754336e-01
9.546801645888138843e-01
9.637870692899210834e-01
9.657684562889009561e-01
9.689610580954765018e-01
9.674961797313730294e-01
9.661506510707703610e-01
9.608853118715895425e-01
9.624525043412291980e-01
9.650837551520607960e-01
9.650450765103651962e-01
9.604346475028742169e-01
9.643875025099813980e-01
9.630266259770307036e-01
9.657381977054037003e-01
9.588190198272416032e-01
9.664806300209466405e-01
9.605355082081972196e-01
9.627811897846733080e-01
9.567610647038723437e-01
9.683909455229936514e-01
9.641854262884251847e-01
9.591061085449426038e-01
9.618467606069284193e-01
9.667596298839133961e-01
9.615221249761163325e-01
9.675149188309364323e-01
9.650757366034613538e-01
9.647584661944819118e-01
9.615586990150353230e-01
9.580765480229421760e-01
9.635512556311081056e-01
9.661394587135394563e-01
9.647154978778802459e-01
9.654869736580172779e-01
9.591561465811946352e-01
9.642901026282316712e-01
9.660932919177719347e-01
9.675529681070570431e-01
9.653807414513594365e-01
9.656256867691522805e-01
9.649463581332384798e-01
9.661616682709610604e-01
9.679391215348419619e-01
9.689748235160962064e-01
9.658828687127666290e-01
9.695119961817435517e-01
9.652219221158546691e-01
9.677016888457841137e-01
9.651646281167813868e-01
9.702873479575856441e-01
9.662417477088731665e-01
9.656932544743538349e-01
9.690533659019112678e-01
9.720874336325081577e-01
9.687464102211871264e-01
9.774315488442887334e-01
9.647103046739081700e-01
9.702698199211555741e-01
9.713649572028640877e-01
9.649818567731242025e-01
9.738925605778691041e-01
9.704510780621006250e-01
9.779015747104700118e-01
9.727769013127451903e-01
9.666693207485124173e-01
9.770513187061369287e-01
9.721475916940590656e-01
9.744462085402962881e-01
9.787376821201348998e-01
9.701738819877826492e-01
9.784050326369582162e-01
9.798402804427889246e-01
9.752708051596971073e-01
9.813379550874649082e-01
9.788429615626509372e-01
9.776155995400143128e-01
9.803016155032611145e-01
9.749289101544756919e-01
9.794458644032526529e-01
9.812547875446979706e-01
9.749801748628161846e-01
9.840752696214051243e-01
9.769863626772259391e-01
9.833870091826129034e-01
9.835502926594308359e-01
9.817721375937812356e-01
9.802183321731050558e-01
9.831123733427509226e-01
9.791203142787574532e-01
9.830884531448522701e-01
9.797523232251769132e-01
9.830801042456295269e-01
9.890420739115469706e-01
9.828878351270530223e-01
9.787486209309492757e-01
9.846864191234002694e-01
9.799601937294500908e-01
9.914299622328078820e-01
9.831957602939005447e-01
9.834299453172837824e-01
9.905682160731796859e-01
9.895606100897684776e-01
9.925512902947132288e-01
9.921911430075645022e-01
9.925647757523676784e-01
9.956192752284657166e-01
9.863543047285953103e-01
9.933767958829455846e-01
9.898201788949544389e-01
9.833142402898755741e-01
9.869327366521414291e-01
9.909359036348921457e-01
9.923805393002013142e-01
9.894442559018409300e-01
9.955619288923301946e-01
9.945810059811437398e-01
9.947923496850887837e-01
9.945718649349774010e-01
9.950418419137033732e-01
9.969605583535026128e-01
9.950711461878252173e-01
9.919862967203594284e-01
1.002073002068204932e+00
9.956500917416187812e-01
9.978907397601302076e-01
9.924962337793156175e-01
9.937085641068850173e-01
9.990022373359662700e-01
1.004898523237956809e+00
9.954462208675420865e-01
9.934775960242855364e-01
9.969634470946842075e-01
1.004740074303775765e+00
1.000204475387924230e+00
9.965901816599436192e-01
9.945760198947184438e-01
9.987474475697571963e-01
9.980065000719834378e-01
1.001865170701411678e+00
9.989279622842019979e-01
1.000400493156928139e+00
1.002039992546703173e+00
9.984701275048029068e-01
9.952406233614949915e-01
9.990730244612880950e-01
1.004047433521445987e+00
9.977447956740796986e-01
9.991923659506875000e-01
1.001545297424130343e+00
1.004510351597143192e+00
9.970386841159281088e-01
1.000789648579736957e+00
9.975703202756056598e-01
9.965633171219925313e-01
1.000366996521580898e+00
9.997508508633087265e-01
1.001712852183442415e+00
1.008850194676904399e+00
1.004706309805923681e+00
1.000696157975116352e+00
1.002269446235618533e+00
1.005580064439371757e+00
9.977300494793883701e-01
1.002744913461408816e+00
1.003564331408721699e+00
1.002424173365837889e+00
9.995502485180106644e-01
1.002840479541059482e+00
1.004451379005514955e+00
9.975714509469267854e-01
1.004442164782464397e+00
1.001330538018333938e+00
1.005269054533550310e+00
1.002947290891909926e+00
1.007012546363855066e+00
1.007644619340591907e+00
1.004985540212578465e+00
1.007082282123188177e+00
1.003095679259071504e+00
1.005239019219932084e+00
1.001744524547405257e+00
9.985681429436069623e-01
1.003316573804912792e+00
9.997237615291366675e-01
1.001102613513645156e+00
1.005546542113213038e+00
9.976436624184609192e-01
9.986587132293250901e-01
1.008177706173355004e+00
1.005162394832177952e+00
1.001009313065508888e+00
1.000083509046708841e+00
9.980021186818339718e-01
1.000823074565799775e+00
9.974887098331108870e-01
9.977338544050847746e-01
9.979900079321442075e-01
1.001350834674109569e+00
9.992166225412122404e-01
1.000435614293133213e+00
1.000065027809317941e+00
9.948111385345718150e-01
9.982501915988424290e-01
1.000038669144760251e+00
9.949782882263964456e-01
9.938664626310160788e-01
9.993449327906986923e-01
9.956945212466584705e-01
9.903698353936042365e-01
9.998103440559126254e-01
9.983626301190114960e-01
9.984011359407437558e-01
9.933530665593776066e-01
9.945971615162239043e-01
9.957676351905206946e-01
9.961678676007047484e-01
9.916007765219349013e-01
9.949312574445209334e-01
9.973407022999771776e-01
9.997614643966884485e-01
9.988088484311111737e-01
9.938415792067295529e-01
9.949477297106219531e-01
9.887588904345663288e-01
9.887015057110380978e-01
9.922613846398378179e-01
9.908265151163568873e-01
9.963345961088371228e-01
1.001399845559860946e+00
9.929543172420653985e-01
9.915048150078312750e-01
9.967286676748738916e-01
9.931505807193159452e-01
9.947445182401262187e-01
9.901664595502053245e-01
9.900908254491097571e-01
9.923744758071399996e-01
9.906479577999611763e-01
9.910716317057960412e-01
9.879150185359996117e-01
9.858151809264681376e-01
9.946226872635282046e-01
9.839455417250286828e-01
9.923448986549240347e-01
9.892034240809628454e-01
9.917344229722708793e-01
9.944904591977002939e-01
9.870972264199578960e-01
9.895635315321263947e-01
9.867339720378918155e-01
9.818988390153547963e-01
9.914884987340976119e-01
9.862405006878183222e-01
9.907318450137100330e-01
9.877206025875188145e-01
9.879596289525839348e-01
9.852084216544979567e-01
9.838966006421849819e-01
9.859462308274807851e-01
9.875393752914621848e-01
9.805525108573620585e-01
9.891822300700535697e-01
9.782005645678415462e-01
9.882485419957077744e-01
9.866848637247344067e-01
9.790454179241605548e-01
9.801472844728525979e-01
9.830276149863113044e-01
9.777517554656273147e-01
9.792850559100682029e-01
9.810717312083255814e-01
9.815591967104874138e-01
9.832907079464582312e-01
9.780570925874949584e-01
9.832892000508475228e-01
9.777848394961126122e-01
9.874609263054574537e-01
9.837457597705469015e-01
9.793496642367791605e-01
9.793182397194680755e-01
9.811755007387238381e-01
9.817852391598110851e-01
9.854059716253009693e-01
9.834265781054875033e-01
9.825950756876875580e-01
9.798517437692800813e-01
9.794330920900424786e-01
9.834487794265688310e-01
9.840205898303526766e-01
9.878208251997497857e-01
9.733136505492169244e-01
9.824899337545903721e-01
9.800897174094946873e-01
9.799830456505728149e-01
9.795122866201821932e-01
9.805767199273834889e-01
9.831241583311964849e-01
9.786800325806017664e-01
9.783751391627379945e-01
9.781181506098062250e-01
9.802535612013807409e-01
9.825094809585175337e-01
9.775002171374058690e-01
9.743388227435211268e-01
9.751923496183374507e-01
9.789126035062845066e-01
9.731714234572113043e-01
9.744117964715538482e-01
9.822183463697609085e-01
9.820003691381431477e-01
9.808386234779932211e-01
9.768516964395616009e-01
9.774297436293668540e-01
9.876149600682162522e-01
9.749223961983120024e-01
9.763896613925069357e-01
9.821330723787738970e-01
9.794283345765820714e-01
9.749824383499008373e-01
9.739623019654328751e-01
9.851480842329531917e-01
9.749165559477807053e-01
9.839431847269866083e-01
9.797321085971070209e-01
9.827372049701941226e-01
9.785466820975524671e-01
9.798218575332672264e-01
9.771055249406096488e-01
9.782217105254773504e-01
9.814962394698886206e-01
9.851644625723882109e-01
9.829189377273650496e-01
9.789093701185176410e-01
9.713671646093225975e-01
9.764990419121659659e-01
9.808817292252947073e-01
9.857104666598348608e-01
9.780652119311219472e-01
9.807415546992070965e-01
9.781289605676951604e-01
9.798405464889931027e-01
9.779768330721179126e-01
9.752792336415286867e-01
9.774938241881901968e-01
9.837481408405924777e-01
9.816118955250046074e-01
9.806947297227001092e-01
9.834850572559356019e-01
9.787248125280514355e-01
9.857157103746433391e-01
9.786658515760592314e-01
9.863179401950247227e-01
9.812746955134922233e-01
9.858928385039373854e-01
9.855097536956075599e-01
9.847765220603443836e-01
9.832043123811051721e-01
9.900030537509668660e-01
9.820787099899763728e-01
9.844941843725500963e-01
9.852151599861993514e-01
9.907149293340977714e-01
9.852203533833260307e-01
9.889275005951188025e-01
9.961943469733286483e-01
9.829468314088430914e-01
9.848987979323244879e-01
9.821522958382861157e-01
9.908284120438871634e-01
9.873971671391820193e-01
9.859406749418624383e-01
9.929181609269182029e-01
9.869113509475553325e-01
9.955466573312730105e-01
9.893964427972693487e-01
9.896221645714111670e-01
9.938923681453352144e-01
9.880673362360363754e-01
9.892568951419535850e-01
9.941745288325599672e-01
9.905143704080698885e-01
9.911877592669177117e-01
9.902933534823726847e-01
9.904160865947367887e-01
9.932582044306922375e-01
9.897631454617308311e-01
9.883307279436988058e-01
9.920497465589463992e-01
9.960372540396124075e-01
9.930698188939858229e-01
9.953132336565368998e-01
9.986191142294092993e-01
9.916124162682586896e-01
9.949357040436930255e-01
9.953949737663160269e-01
9.933236874731159460e-01
9.990285104242693226e-01
9.970431692029589898e-01
9.999349627027477316e-01
9.996075163292509336e-01
9.991741252600239154e-01
9.992197022924679262e-01
9.934749369012273457e-01
1.001582896464313865e+00
9.960361755953187624e-01
9.969815313940398882e-01
1.001523871118674469e+00
9.981071970048562836e-01
1.000805538933004391e+00
1.004608244981309406e+00
9.996739423920437684e-01
9.974760703439347065e-01
1.001390261257113279e+00
1.005423250906401167e+00
1.006379585919420450e+00
1.004573581283219053e+00
9.998470037659863419e-01
9.958823635771691940e-01
1.008295362707428477e+00
1.002320276423471102e+00
1.007222526896969894e+00
1.004418150693549450e+00
1.006364240748911953e+00
1.008003095626293533e+00
1.006066562316655810e+00
1.005835713903834527e+00
1.000997838698735931e+00
1.002704170920417415e+00
1.002931099707806473e+00
1.008097585587488743e+00
1.006661501918863166e+00
1.010636824109073073e+00
1.005202813774900950e+00
1.008496166177498488e+00
1.006218571224525293e+00
1.008577874471444646e+00
1.002639180389024887e+00
1.007537864650689841e+00
1.009985361444127427e+00
1.008970613031408670e+00
1.009639187757285672e+00
1.002701084772995133e+00
1.007103168461198850e+00
1.011590114492862291e+00
1.006693411725341214e+00
1.004441130871446486e+00
1.007906097760025377e+00
1.015163882226122194e+00
1.007580735955977191e+00
1.009666781095353905e+00
1.009334423624159482e+00
1.006660280246009842e+00
1.014924307553938920e+00
1.007515928776145264e+00
1.012545259124353114e+00
1.006610146726441446e+00
1.011306201836108087e+00
1.012956432351822089e+00
1.012491617843111147e+00
1.014169774168594218e+00
1.008043746550242536e+00
1.012448939808509030e+00
1.011491367070709302e+00
1.011903965885829315e+00
1.011243146826598105e+00
1.006097401552393356e+00
1.008005025287606493e+00
1.013341847793455042e+00
1.007190677377461707e+00
1.012413080919463582e+00
1.012502438498932955e+00
1.012929817559027112e+00
1.008941017414034746e+00
1.012437572694161458e+00
1.009346939792848508e+00
1.013702352827057229e+00
1.010650348595540482e+00
1.013671703208215868e+00
1.016478313191382377e+00
1.016360094769661382e+00
1.008945434100575245e+00
1.016355884631662043e+00
1.009119476907113677e+00
1.018964151729045309e+00
1.007859522179517464e+00
1.009690562004805114e+00
1.013438404615150112e+00
1.006577263533701139e+00
1.006149763337009118e+00
1.008488169492226749e+00
1.018362129892218304e+00
1.019121373401612685e+00
1.008795984117735189e+00
1.012151290987961083e+00
1.015714129275783195e+00
1.009856515538619215e+00
1.010432726837685591e+00
1.011187660302755642e+00
1.009795023496998789e+00
1.011195898752742517e+00
1.005240405774733059e+00
1.008966874336678865e+00
1.007665649607518921e+00
1.008274955876485857e+00
1.007239131864378967e+00
1.007850530694051283e+00
1.008848414795754156e+00
1.008111241101547817e+00
1.011216054101240269e+00
1.005290668199998905e+00
1.000340003490745033e+00
1.013456994567031755e+00
1.004150881924637195e+00
1.009444685994417279e+00
1.004679942587697772e+00
