1.851765690728617020e-01
1.778718304688634011e-01
1.717089319637097322e-01
1.898264717082799868e-01
1.785315790460406948e-01
1.899622278485477156e-01
1.755255374449886940e-01
1.842988948082918965e-01
1.707977054009796325e-01
1.820287377014428165e-01
1.898250633305968160e-01
1.925397951227832694e-01
1.686947519422957176e-01
1.869565184238785871e-01
1.764840764578208265e-01
1.819099091849821492e-01
1.772420114573869110e-01
1.909965330017001084e-01
1.909656058420002855e-01
1.745069368993960313e-01
1.843516061361113456e-01
1.793908790827356270e-01
1.797571867942140411e-01
1.860350418054460830e-01
1.816982177103193263e-01
1.863676323810563307e-01
1.842659889221595904e-01
1.778395950456603813e-01
1.795428026795761467e-01
1.807825150807896852e-01
1.793387551439407090e-01
1.786118316899138192e-01
1.831665620158772767e-01
1.764796985225308978e-01
1.774683592456510195e-01
1.853408909034383323e-01
1.858294473263163715e-01
1.829192926076817771e-01
1.899469601113281669e-01
1.852450543452149878e-01
1.852383070892147654e-01
1.819823409429258687e-01
1.854356264846242219e-01
1.757353800479941053e-01
1.807282097193628201e-01
1.879987391573193223e-01
1.787581302242230163e-01
1.792821155400128041e-01
1.894186806801161360e-01
1.800034195757607980e-01
1.896459180840328884e-01
1.802016157676233910e-01
1.774776152516337746e-01
1.798397911392418946e-01
1.844139820059324530e-01
1.803797999462006807e-01
1.832650402209498597e-01
1.763602523165083702e-01
1.831805104395795303e-01
1.772054769063859114e-01
1.850454063404187166e-01
1.825171837547034381e-01
1.866476249118448061e-01
1.830650125813930162e-01
1.850577604945316534e-01
1.821057616468870488e-01
1.835728600998237092e-01
1.850781503091750713e-01
1.834913151060477143e-01
1.874968625737731265e-01
1.823227494677338856e-01
1.822603068173866692e-01
1.857318295343000913e-01
1.832894564242739943e-01
1.841346260677885205e-01
1.800361460819103476e-01
1.827722173996950972e-01
1.797369890291284078e-01
1.798032707762229343e-01
1.795965211868048583e-01
1.855914251828439387e-01
1.883878293378257462e-01
1.845077845403497452e-01
1.854193558857945012e-01
1.826827950485124252e-01
1.823695173014192872e-01
1.842248267446517374e-01
1.879382257370015297e-01
1.854057678356501038e-01
1.864019767604145339e-01
1.866601439676510432e-01
1.828127367098922318e-01
1.816051828363521581e-01
1.883024533918323806e-01
1.850118648873828597e-01
1.840486450856960166e-01
1.904815574769548325e-01
1.889543515020775666e-01
1.844499096155769180e-01
1.837311294538142570e-01
1.852966419759884686e-01
1.849060505107520125e-01
1.803890756434354259e-01
1.835411331974223514e-01
1.905936732873980133e-01
1.864313921201188051e-01
1.827016513779214091e-01
1.823473813837320212e-01
1.807527699014321032e-01
1.849402018486485111e-01
1.857984996434883795e-01
1.844977268361117639e-01
1.884124444035704116e-01
1.836916595516291939e-01
1.850554342751039028e-01
1.819161458043557777e-01
1.837148116370092288e-01
1.871328621703341466e-01
1.844022440355120585e-01
1.889431461039246807e-01
1.831838688688562089e-01
1.871790282548707607e-01
1.865399642171832739e-01
1.851303394762324750e-01
1.867782593969546379e-01
1.842248613103896204e-01
1.834164528778822745e-01
1.861552456882283324e-01
1.872509961999751504e-01
1.865683680809950840e-01
1.845247969407803057e-01
1.865225537999984640e-01
1.856702605038819398e-01
1.873120642398689861e-01
1.849066289446968936e-01
1.879906501589450052e-01
1.859473678635928107e-01
1.866217220409741306e-01
1.870844365834634371e-01
1.872159599375706751e-01
1.894261849221123006e-01
1.844303941211206666e-01
1.892679145784870454e-01
1.846162806491722930e-01
1.888051470417210220e-01
1.891853537407598984e-01
1.880794523935265528e-01
1.884239519872528690e-01
1.872814316623493125e-01
1.890423543924938388e-01
1.854087882454290570e-01
1.886765315318847114e-01
1.860903254598315071e-01
1.860561613539297443e-01
1.904344106765505640e-01
1.871521689611736761e-01
1.889959773921789932e-01
1.884440227052148475e-01
1.886750115235538705e-01
1.861905715413212647e-01
1.853707473904413483e-01
1.875602328503390148e-01
1.887947706384348057e-01
1.909151302285178042e-01
1.909648174155816336e-01
1.894967594666370214e-01
1.894999263257552968e-01
1.887171702638291981e-01
1.945864817008245151e-01
1.891212047664233564e-01
1.888846184838383901e-01
1.908079275311755640e-01
1.890732764619631467e-01
1.904078735101790432e-01
1.867285725116293316e-01
1.910721132604228378e-01
1.869854449734141000e-01
1.934561629029774021e-01
1.873627240925553883e-01
1.915603598709309241e-01
1.920817007471957716e-01
1.924686684740286868e-01
1.908028224268863704e-01
1.913772767272897690e-01
1.925232463942551098e-01
1.930984298700249291e-01
1.895153990012379275e-01
1.920940431281268623e-01
1.939600163781326492e-01
1.917526311081332591e-01
1.916840711420209342e-01
1.907923966645625191e-01
1.921836338829513158e-01
1.912984758367810567e-01
1.906417692546975851e-01
1.954676815854364258e-01
1.890554706606842050e-01
1.929735695980576426e-01
1.914137129465975362e-01
1.920480848926457984e-01
1.909154466181492149e-01
1.944762197470865650e-01
1.945350176625541549e-01
1.927923281052608961e-01
1.956508120447588428e-01
1.956434906131480911e-01
1.926083289963822498e-01
1.912383906582506288e-01
1.928886582939763339e-01
1.923424348083672963e-01
1.960370484486970988e-01
1.940831004264195192e-01
1.952165780559400043e-01
1.932280874445397589e-01
1.958660679111348946e-01
1.957238674114175070e-01
1.934182970407366253e-01
1.933503397044003536e-01
1.921056586891630447e-01
1.949447598707555462e-01
1.962000471454196926e-01
1.965611568845148649e-01
2.001880461106298748e-01
1.951522171095957936e-01
1.965178571882154335e-01
1.943090960751980845e-01
1.985486503168997219e-01
1.934581705410680363e-01
1.957530100840826903e-01
1.973924384680157684e-01
1.963068317125997442e-01
1.957422943895589518e-01
1.978871034750611380e-01
1.949197838177511577e-01
1.974160778652632176e-01
1.961072295825730671e-01
1.970359482068066437e-01
1.991431878405900968e-01
1.970904805113323499e-01
1.986187676469858832e-01
1.998421022019568061e-01
1.976910127747276424e-01
1.989397441562920921e-01
1.997492860686177485e-01
1.977678945800047938e-01
1.968858791422631593e-01
1.951234651403832010e-01
1.995737206011561071e-01
2.004392009122528406e-01
1.980274624423542795e-01
1.975791514589480546e-01
1.973028787297445852e-01
1.975469099292427033e-01
2.002634288075086366e-01
2.000581282318925624e-01
2.003274350571368767e-01
2.006027442725090426e-01
2.010718233028449264e-01
1.986965194328609297e-01
1.988567775755546441e-01
2.030632261605545275e-01
1.986132376119991716e-01
1.998958613490337821e-01
1.990622192576347871e-01
2.006098492129162747e-01
1.987730801893092258e-01
2.021360378849490214e-01
2.013054914079922264e-01
2.019618768329673464e-01
2.016363195244214035e-01
2.028463669096735589e-01
2.028850928387331831e-01
2.030759824305019001e-01
2.028583470282026568e-01
2.010376681632695395e-01
2.015656884204800603e-01
2.025689722041082441e-01
2.010939628332891471e-01
2.051886994344591097e-01
2.018287798412521372e-01
2.050103776953088874e-01
2.056011980681412832e-01
2.033872027037810504e-01
2.046664405442859269e-01
2.034784653228434437e-01
2.046773599291146495e-01
2.034738007902123780e-01
2.001979400441576962e-01
2.068517221531409322e-01
2.064201284377429613e-01
2.039887016953086107e-01
2.076753122689305731e-01
2.037466418535853196e-01
2.065258132180600448e-01
2.053420160700577812e-01
2.060466996657652761e-01
2.022218896248267339e-01
2.087101182644938158e-01
2.062428548122987870e-01
2.059433853226856348e-01
2.068130160134236117e-01
2.055393910749305220e-01
2.066919294688249753e-01
2.063380070044577019e-01
2.050383783264718152e-01
2.061334655456805720e-01
2.046148543873161085e-01
2.087761630653054423e-01
2.078790325195611910e-01
2.065197311933708590e-01
2.091566089968885656e-01
2.069179693333947634e-01
2.099806350731019400e-01
2.065892711745547228e-01
2.079553929146124025e-01
2.106451692972570733e-01
2.074381155645253494e-01
2.073261563081297554e-01
2.085061040809960409e-01
2.104776866075048491e-01
2.073050968294269658e-01
2.076942348142430672e-01
2.089519223044048746e-01
2.098494311299240744e-01
2.105916780149907630e-01
2.105348877635791205e-01
2.133848241212848718e-01
2.120105727390547978e-01
2.128439508342424846e-01
2.123632693396481641e-01
2.118989369769440079e-01
2.117889568235561404e-01
2.111055646856598578e-01
2.112784121469682419e-01
2.130347096776977478e-01
2.115510868648181331e-01
2.108064752453586710e-01
2.133054445850456615e-01
2.148896675885495766e-01
2.120579741761567105e-01
2.098365321409647599e-01
2.143734361619906159e-01
2.140023145652685532e-01
2.142010305872964204e-01
2.119266599382913230e-01
2.129320311335310412e-01
2.163707003031976883e-01
2.085543002368211163e-01
2.125396940583447469e-01
2.133076162264899711e-01
2.130003719920897931e-01
2.112943943511303158e-01
2.124000099815071818e-01
2.151393901677469411e-01
2.148933034405134113e-01
2.115046243972003304e-01
2.121499860084322675e-01
2.133097952825576127e-01
2.148375803493524083e-01
2.146252677006316445e-01
2.155610153865819278e-01
2.126120022087099048e-01
2.140080884481049828e-01
2.116278978423304369e-01
2.156977863331125678e-01
2.142995466539397709e-01
2.133114286879285171e-01
2.144427007775510097e-01
2.145587369651957843e-01
2.162184199512880711e-01
2.164152766999900834e-01
2.171757249817223845e-01
2.147072368548034460e-01
2.138989754534702803e-01
2.150082175094291115e-01
2.115427730360300296e-01
2.153209785650327945e-01
2.157921795837332291e-01
2.142156991963751200e-01
2.137093379527778281e-01
2.154955402743949366e-01
2.170585575346483109e-01
2.123616887037221845e-01
2.114045027694287926e-01
2.124610585265092610e-01
2.196118176157290103e-01
2.172648099387835541e-01
2.153630184237551592e-01
2.148078306330670761e-01
2.130116692461743455e-01
2.160795072910454973e-01
2.151224784537483781e-01
2.145241166078259987e-01
2.131717912388590153e-01
2.126002753876389539e-01
2.144536500048876415e-01
2.111880205520049458e-01
2.151004293992190286e-01
2.158315458917984819e-01
2.143735308097373116e-01
2.150062669152085770e-01
2.141850840155382907e-01
2.139985956718493121e-01
2.160787856673820617e-01
2.133997869710416717e-01
2.143970636862819190e-01
2.119482270397269608e-01
2.129542388912264439e-01
2.135020126004789076e-01
2.109400750382766920e-01
2.109827117181356515e-01
2.117232220062319759e-01
2.128683946074767519e-01
2.146001854769419015e-01
2.131440993156062114e-01
2.107412791063172086e-01
2.116531796354638728e-01
2.128021258121212400e-01
2.129173608235658266e-01
2.124108151026141422e-01
2.115253014129129527e-01
2.097149275824700121e-01
2.123959001231950638e-01
2.116373339446609714e-01
2.106048198973954344e-01
2.110663139585459702e-01
2.113538112160262550e-01
2.116667106930826547e-01
2.108870607709175116e-01
2.119778132781328372e-01
2.107521894680336461e-01
2.106231324660224613e-01
2.115301302149735496e-01
2.131849719998141768e-01
2.106557098783557735e-01
2.078515686941277418e-01
2.094722033242242820e-01
2.100777318714348862e-01
2.100559941504683836e-01
2.084904801640735106e-01
2.096488507371831178e-01
2.107082780751509676e-01
2.128914713762808386e-01
2.130521873028951851e-01
2.122495096207855647e-01
2.096598692738658731e-01
2.094993878327966186e-01
2.095176738272042927e-01
2.117339670813937480e-01
2.113295963439671687e-01
2.106406409948618774e-01
2.094421431180827076e-01
2.110792929206869450e-01
2.106059156587853087e-01
2.081750557722507888e-01
2.108071638788139857e-01
2.127614295234010466e-01
2.129782370405692293e-01
2.095291181809443570e-01
2.118967279303287932e-01
2.129937872122968368e-01
2.133997157841539816e-01
2.115676095081440444e-01
2.096848057113811503e-01
2.110743274765022326e-01
2.119639962936038791e-01
2.087117503373416560e-01
2.105635872842887557e-01
2.092818860211529686e-01
2.112083990516884502e-01
2.118981173152561515e-01
2.104353348976255311e-01
2.115080301526101603e-01
2.111539996727418989e-01
2.131256826946996974e-01
2.109498028679461790e-01
2.114294626511627473e-01
2.119100754523474961e-01
2.099958791041813266e-01
2.112906360528191141e-01
2.124674317348441699e-01
2.107041098485389619e-01
2.107590537656995333e-01
2.116426809217819838e-01
2.110308729735360378e-01
2.115995248142587826e-01
2.119931521399692487e-01
2.121239546715722735e-01
2.112706453722192901e-01
2.121586223052369657e-01
2.089563129529196650e-01
2.110406676842524754e-01
2.123742673399426351e-01
2.106005887376422581e-01
2.122306877746858444e-01
2.111896038583803703e-01
2.124798996166912812e-01
2.124251857400964172e-01
2.101224843193092995e-01
2.153432409642567213e-01
2.131698124150482598e-01
2.145951735185153697e-01
2.144572877265025213e-01
2.143229945936861447e-01
2.124852759621381759e-01
2.127443536210200103e-01
2.142545408713772692e-01
2.133642720422573580e-01
2.129819011903248682e-01
2.135648102385333258e-01
2.116163984638991247e-01
2.137149155810913193e-01
2.126892627718752482e-01
2.120301395174368775e-01
2.146097063132314520e-01
2.144951596184075659e-01
2.133961947630698686e-01
2.139419978473417194e-01
2.108775730835470985e-01
2.161544444899528017e-01
2.142553270575405233e-01
2.157017456087185758e-01
2.141241675366118979e-01
2.163532700036953638e-01
2.160267159824526551e-01
2.167049833837494388e-01
2.153170031965556119e-01
2.144484773653231591e-01
2.142456107968943591e-01
2.138824027753230272e-01
2.161852565243387037e-01
2.118610756017888785e-01
2.154875089223452500e-01
2.160872431925030535e-01
2.164611413976818555e-01
2.133073156222428657e-01
2.136140876781433828e-01
2.173168817979339307e-01
2.177231159359274970e-01
2.168708678869186723e-01
2.173836580244884464e-01
2.168878931611339378e-01
2.177328331748236978e-01
2.158591653790364884e-01
2.152990177781190506e-01
2.168022418176865362e-01
2.155231764459702437e-01
2.153440275188412689e-01
2.178562126774414576e-01
2.153332092299800604e-01
2.162439969959652208e-01
2.157746294322998581e-01
2.182451742017088858e-01
2.171971295899871035e-01
2.172568314386611743e-01
2.164773595608415202e-01
2.184594596543549538e-01
2.198634148346999551e-01
2.150006032822069924e-01
2.181534900233588758e-01
2.174303359583465989e-01
2.182664653899724083e-01
2.190743993372600562e-01
2.200461946624568954e-01
2.195922227382689773e-01
2.203969792796172389e-01
2.195122434440306969e-01
2.188144940504867519e-01
2.192823787800463886e-01
2.215149374071719579e-01
2.202213084781473040e-01
2.199133218172925064e-01
2.190514250320752254e-01
2.198059348260888723e-01
2.190798591733580380e-01
2.214349039698041699e-01
2.205189123691121134e-01
2.204763217834717903e-01
2.205214741397919509e-01
2.209251639969516678e-01
2.188239832799973583e-01
2.213512384615907991e-01
2.190263756655178862e-01
2.216890764115966306e-01
2.217963991789061728e-01
2.214375484085783774e-01
2.190482319716619830e-01
2.189600875521244272e-01
2.194631222544541072e-01
2.208309253069923594e-01
2.208910104939081909e-01
2.239397404172013828e-01
2.221944909233902199e-01
2.213186277578949035e-01
2.223973907237605796e-01
2.189735323248329368e-01
2.233907626528963131e-01
2.217624382114161408e-01
2.224945238574491391e-01
2.208832956424237604e-01
2.224910826377661521e-01
2.230681822566286110e-01
2.227857357729542687e-01
2.233323285473480801e-01
2.219602537514262508e-01
2.235895404884191140e-01
2.207557899972117099e-01
2.231807048747711797e-01
2.208862159169433514e-01
2.234054386349244303e-01
2.223563258641572948e-01
2.239377951167480785e-01
2.236563232353037944e-01
2.221283681274262845e-01
2.232587730818432759e-01
2.220236391755906480e-01
2.231119414426336878e-01
2.222071486145584251e-01
2.243873909873825845e-01
2.268016279175130157e-01
2.229149495287934823e-01
2.231368884438230393e-01
2.214117572540570122e-01
2.245388381642484665e-01
2.223139537799656840e-01
2.245335272344824995e-01
2.229525106354505182e-01
2.231953303771720687e-01
2.247144956244234715e-01
2.249673293570847443e-01
2.248808855540190832e-01
2.237211289634215561e-01
2.224846553585270170e-01
2.256526833041360425e-01
2.220463391810721665e-01
2.239709396908725059e-01
2.244921180496325663e-01
2.257158125871616128e-01
2.232326812263799587e-01
2.240527666494142034e-01
2.233014629948558150e-01
2.230168125700941473e-01
2.244310781132917709e-01
2.233159166228217418e-01
2.241840617142271952e-01
2.248808487207294982e-01
2.227650076027967996e-01
2.243878150130697857e-01
2.241421889969701375e-01
2.240409248874481452e-01
2.268474333010010724e-01
2.231545338956592572e-01
2.244399405437556561e-01
2.220791954665490286e-01
2.236155753460601081e-01
2.249552931845331671e-01
2.260640429223335635e-01
2.238819324752104600e-01
2.238551213133054829e-01
2.237771296810399380e-01
2.232429415556440311e-01
2.243738436427345495e-01
2.229891374281682270e-01
2.228009189768780651e-01
2.234495035369507554e-01
2.231426678932184049e-01
2.239794720352778767e-01
2.234143591291491426e-01
2.216208964812191873e-01
2.254270892434493134e-01
2.241342958770694005e-01
2.222996065373205044e-01
2.238342554473584101e-01
2.251280460689810414e-01
2.211029987951803888e-01
2.234017702897189983e-01
2.230483233378015573e-01
2.235570936690417787e-01
2.241955562137002422e-01
2.218226631421249262e-01
2.227080381863398295e-01
2.209146377827453656e-01
2.236983399473145007e-01
2.262107389519351919e-01
2.242121829424632840e-01
2.226987740929544379e-01
2.212316131754467063e-01
2.231218280828096145e-01
2.220022223558592578e-01
2.216277145160384376e-01
2.223955514713749082e-01
2.208652561056631825e-01
2.223422609089120705e-01
2.230995370105401387e-01
2.201788772516430626e-01
2.234243635998041932e-01
2.216492799515582535e-01
2.205473299768311302e-01
2.232182729326738502e-01
2.218992674353107430e-01
2.221534436610610730e-01
2.210285858998494446e-01
2.218578909230542739e-01
2.204816567347311629e-01
2.227734782413541004e-01
2.227277136798429535e-01
2.217771793666194202e-01
2.204854271780403996e-01
2.223146498402664706e-01
2.238630846259689333e-01
2.223108758077194935e-01
2.208114155100859843e-01
2.213146229112373797e-01
2.230037880608655709e-01
2.206527463426460889e-01
2.211302120675835980e-01
2.227528357129226755e-01
2.209875752836916729e-01
2.204189196615759239e-01
2.203982338753781578e-01
2.226771733368768658e-01
2.215061013795134037e-01
2.196570835102838182e-01
2.196610754510298913e-01
2.229178830092190533e-01
2.226680313150777024e-01
2.212420281756437568e-01
2.226619653285248912e-01
2.226604228102995464e-01
2.208409651931811657e-01
2.208457536308248703e-01
2.200895216782624841e-01
2.223066973737069241e-01
2.227843427241134877e-01
2.217924978800925595e-01
2.218228255476658028e-01
2.218127726899521701e-01
2.208805772919059940e-01
2.212731224493974524e-01
2.223872598603035267e-01
2.220819581083559591e-01
2.210062703397699668e-01
2.220417986494191420e-01
2.213067310277367361e-01
2.226135958707372020e-01
2.226815783521559622e-01
2.216968941611753008e-01
2.218290102578039380e-01
2.216890581814612571e-01
2.209710280693081286e-01
2.217738237509574994e-01
2.220051416400401489e-01
2.225038924578263133e-01
2.218893241412021600e-01
2.223610401313354246e-01
2.214412565310697190e-01
2.221124595689518699e-01
2.220244262350904996e-01
2.213889101219879696e-01
2.219461802101937165e-01
2.219945874348267234e-01
2.232157226227670099e-01
2.234753326454477218e-01
2.237023047344092186e-01
2.244605579167020803e-01
2.226250581968269304e-01
2.213370464601344123e-01
2.214259826497923800e-01
2.214508432990359155e-01
2.220659450020495418e-01
2.221666974450716425e-01
2.235447264147521484e-01
2.253807123911309718e-01
2.236899754575038257e-01
2.243372942631643718e-01
2.224518751663930316e-01
2.216379444848767255e-01
2.258117777624879252e-01
2.237172860495000026e-01
2.243440813560647062e-01
2.222874659644173689e-01
2.234013157110331660e-01
2.237577677581246705e-01
2.244810849198783098e-01
2.220422612035304055e-01
2.237494730784759800e-01
2.251763174024786485e-01
2.243818455016992897e-01
2.232541973270378288e-01
2.215154272567755600e-01
2.257497923043883525e-01
2.229543649972693942e-01
2.235079979339463230e-01
2.246426094096129200e-01
2.230870254765327798e-01
2.254345091337000562e-01
2.248709552837913628e-01
2.236846296203590656e-01
2.265452800081347584e-01
2.226163149233690297e-01
2.234271703667024822e-01
2.253919308114307740e-01
2.262760678693112593e-01
2.255923747920615674e-01
2.252294464515233741e-01
2.234213793442369200e-01
2.256965246273313630e-01
2.241150578102885371e-01
2.246279252726403608e-01
2.273689854616646189e-01
2.271491056771671735e-01
2.250023645107400161e-01
2.260768024313175861e-01
2.241436561432678942e-01
2.261021037672891476e-01
2.261426062587530705e-01
2.250743812178758740e-01
2.266139508756463139e-01
2.274367041391127664e-01
2.266155918280301218e-01
2.293580973143510005e-01
2.267611781406479732e-01
2.263109673119639564e-01
2.259353500311426510e-01
2.287319974472253881e-01
2.275948242003293098e-01
2.269187822697263102e-01
2.286260887947653420e-01
2.276360924412105524e-01
2.286360662722221049e-01
2.286440108129640381e-01
2.254608537759766329e-01
2.269829196683656458e-01
2.288125359457086061e-01
2.280207132777747892e-01
2.269286152937149414e-01
2.298306770434080104e-01
2.268268988513902074e-01
2.279872990373171260e-01
2.287254033955669619e-01
2.279830129191036947e-01
2.285619458892926559e-01
2.298578128198228987e-01
2.297510424103670901e-01
2.296693071280743181e-01
2.282118115565467675e-01
2.310561536260679616e-01
2.282434033888063873e-01
2.302760438668969289e-01
2.282128322421840827e-01
2.294626544752960684e-01
2.279762864111196663e-01
2.297983235482514708e-01
2.294295071468909208e-01
2.302310498038151743e-01
2.290202187944513634e-01
2.303474274337432570e-01
2.314023469795227217e-01
2.316172502177378245e-01
2.275433513815462161e-01
2.298348023970080423e-01
2.290386883237608140e-01
2.310911722560134995e-01
2.295347267755837861e-01
2.299635975999372861e-01
2.319982010914609094e-01
2.319405248774354111e-01
2.293417859778366097e-01
2.320568105828594296e-01
2.308594290463398813e-01
2.315904263377384920e-01
2.331432767059142264e-01
2.330602644150047975e-01
2.319665570990762926e-01
2.311021955014816720e-01
2.325386985080443725e-01
2.317336116455549211e-01
2.330067479889487425e-01
2.345656929230906795e-01
2.328066608405663651e-01
2.315660947356737998e-01
2.296943156073543713e-01
2.325899221843920617e-01
2.340730324062467727e-01
2.327886967690572795e-01
2.343001636634387541e-01
2.331484003247548953e-01
2.326257605374446591e-01
2.342272545502812886e-01
2.314778889192283806e-01
2.359926589283905529e-01
2.324929699851865372e-01
2.328102552399099190e-01
2.354267015360999304e-01
2.345607375321160093e-01
2.325224434780062410e-01
2.328758559063051903e-01
2.345803809534305340e-01
2.329645040931427324e-01
2.346951409620024187e-01
2.343732213895124150e-01
2.337273867064757482e-01
2.357502183420849551e-01
2.330517200163216007e-01
2.354363519446735498e-01
2.349103912596530452e-01
2.343605040746646329e-01
2.356003903982803738e-01
2.336067658769706290e-01
2.356225087126170292e-01
2.354692435827447916e-01
2.362452231812658676e-01
2.370739923454631970e-01
2.357796896529343322e-01
2.357082252184754256e-01
2.363604248918376172e-01
2.356840958911996797e-01
2.365195371388603141e-01
2.363775822918114111e-01
2.367078937848442477e-01
2.371859005662001751e-01
2.377572980258623458e-01
2.350991761521962209e-01
2.347617315063318666e-01
2.346005097208286039e-01
2.366845643546679201e-01
2.375454747843157854e-01
2.365951678961220050e-01
2.349467779001646051e-01
2.372239619220047613e-01
2.364859169245488169e-01
2.351928253401971980e-01
2.358142848520210222e-01
2.350410649798447271e-01
2.371988677524659861e-01
2.363149694003053580e-01
2.361022330427272053e-01
2.340943476951753421e-01
2.349769481770798973e-01
2.380246302633385880e-01
2.368116169740842047e-01
2.375143401526395581e-01
2.355066260143962864e-01
2.364625727974214442e-01
2.364096430600569343e-01
2.379971141455673733e-01
2.372055138862469159e-01
2.359465087170122821e-01
2.359870948478793862e-01
2.369400511123175845e-01
2.372483658137728435e-01
2.361129087304577046e-01
2.348236161602030025e-01
2.365598739298188646e-01
2.376455237103272666e-01
2.346201967898258189e-01
2.385876157551303223e-01
2.340653644438966952e-01
2.368302229271019577e-01
2.361843502545170892e-01
2.360449360625545556e-01
2.381968411232635585e-01
2.359433988554465178e-01
2.374778453769041675e-01
2.388086114473362553e-01
2.343845305921902211e-01
2.362171548832552037e-01
2.345667260264100995e-01
2.355094193831784866e-01
2.361653743376012915e-01
2.370359417434558524e-01
2.371892181131786681e-01
2.366824243368682856e-01
2.347431308562709096e-01
2.367068308518525122e-01
2.362000018322812089e-01
2.350721505720708704e-01
2.340429821821148337e-01
2.349205304739631628e-01
2.355246846296743524e-01
2.353839933867062084e-01
2.360005582339824159e-01
2.362710730247688518e-01
2.350847133950608459e-01
2.383212362516598792e-01
2.348995502916059741e-01
2.355770085979268513e-01
2.359283845422412706e-01
2.350922029982041028e-01
2.348548078610888101e-01
2.337031078095347103e-01
2.348500151943730685e-01
2.340463314683613738e-01
2.333318131741193568e-01
2.354587426908348047e-01
2.362502806573248126e-01
2.324599001778365759e-01
2.327555040663467356e-01
2.321113756495903069e-01
2.324912719442178421e-01
2.329534302091550158e-01
2.346730934206994190e-01
2.356478643905898229e-01
2.345634298052153843e-01
2.331450125672051843e-01
2.324827145666969463e-01
2.339068847102360460e-01
2.329682088911670113e-01
2.348637384559866259e-01
2.323078505021868578e-01
2.323299981234193123e-01
2.339709867468935112e-01
2.319288229924325873e-01
2.342347317456268951e-01
2.342345369499904684e-01
2.326330972612611347e-01
2.347200435376161631e-01
2.334000461016403349e-01
2.324493155643685693e-01
2.331984778076684195e-01
2.305104021693879235e-01
2.332502537889806771e-01
2.329472343665559830e-01
2.327862237244026911e-01
2.322003425746031191e-01
2.318843528499066053e-01
2.338275042057523789e-01
2.324679454400543632e-01
2.326169558311738383e-01
2.325281205958057984e-01
2.330746264087871777e-01
2.304108095219927488e-01
2.320582342509238116e-01
2.329893089536901329e-01
2.327214233954498501e-01
2.323885696038884285e-01
2.287130822294380916e-01
2.316246849480625425e-01
2.314121158778451870e-01
2.324927841702791043e-01
2.317674861899207683e-01
2.311127604259206325e-01
2.338830680216694990e-01
2.323790944806770620e-01
2.340184363901881281e-01
2.321669272212612267e-01
2.296542993784930486e-01
2.320127626210133631e-01
2.310980426193559034e-01
2.324183538676498073e-01
2.306505334725980350e-01
2.315112245294165816e-01
2.318190649490178556e-01
2.331785936704434126e-01
2.321841675169296904e-01
2.340918280477746471e-01
2.315874706585563103e-01
2.302048531626485206e-01
2.314513662901313551e-01
2.309609215194791121e-01
2.303894959357425110e-01
2.299569216306326103e-01
2.318684741761811718e-01
2.317693440630560764e-01
2.306018381139965656e-01
2.301994334106465812e-01
2.332156597607113746e-01
2.327415648342536225e-01
2.309512663391983245e-01
2.341092535956955378e-01
2.323721310340037816e-01
2.295193233964467616e-01
2.304036150134820549e-01
2.314277394895815076e-01
2.323562706895287988e-01
2.309977008197323378e-01
2.302108311778442162e-01
2.317800974335370301e-01
2.313437745184332150e-01
2.318755785774861689e-01
2.319157887108810601e-01
2.320588099994692899e-01
2.320322331759920864e-01
2.346449463188101936e-01
2.322540639190332767e-01
2.298891325709299382e-01
2.329149947283375433e-01
2.316238053631282656e-01
2.350199295414097389e-01
2.350890811361650012e-01
2.328380375866078156e-01
2.330612240420961156e-01
2.314582884982051558e-01
2.326242411371842456e-01
2.325644837638300155e-01
2.326168334614151234e-01
2.328416722723568588e-01
2.314021114023769865e-01
2.332462665950826297e-01
2.326217928551412850e-01
2.333314081459654521e-01
2.318605195328630741e-01
2.323688701433639370e-01
2.339808297007016369e-01
2.341165033443320109e-01
2.327648715673832081e-01
2.310526809515541791e-01
2.327585353862649531e-01
2.360435893495252402e-01
2.335914166205451947e-01
2.353682994107180459e-01
2.323541000580504057e-01
2.347118139611038545e-01
2.345343210275568635e-01
2.320656108138123008e-01
2.318071865082294847e-01
2.347275819742409009e-01
2.332437857274053117e-01
2.333411699504668313e-01
2.339233751315671350e-01
2.340703528115935517e-01
2.336581375213192535e-01
2.331645664852581012e-01
2.337722079212899429e-01
2.333524510871485824e-01
2.356947372431279220e-01
2.333945368413327393e-01
2.324603995986870286e-01
2.355294037995787626e-01
2.358618246362909066e-01
2.337561654068806005e-01
2.337932257531433466e-01
2.345184240777839491e-01
2.326702590486745270e-01
2.352470315754052188e-01
2.356465779689786988e-01
2.352329390539454612e-01
2.334151269496750891e-01
2.362233586139397545e-01
2.362880585179906734e-01
2.349089529835181323e-01
2.347985549918426840e-01
2.358852833204468646e-01
2.358345189495628935e-01
2.360518723018851239e-01
2.361096491074341219e-01
2.346319972788840635e-01
2.358933190070633956e-01
2.363492744357430231e-01
2.353364092615598813e-01
2.367492357058170460e-01
2.365441634078449817e-01
2.376568081379787090e-01
2.367543503665006099e-01
2.351448296982028008e-01
2.364880984177188117e-01
2.361505369991401537e-01
2.360554010474325004e-01
2.361990143850241641e-01
2.372330500502717876e-01
2.364152443897839240e-01
2.361131669444961612e-01
2.364543318027560181e-01
2.371234365649042830e-01
2.375195185174851786e-01
2.374449362834799016e-01
2.377449531317648579e-01
2.376608571248591817e-01
2.386298380425272980e-01
2.360754533892655826e-01
2.374912934171728440e-01
2.381154881004408363e-01
2.374911384028816075e-01
2.367149631102395679e-01
2.360130499495385892e-01
2.391765638817688056e-01
2.380659998795234544e-01
2.380037361260094186e-01
2.378438240053281916e-01
2.371922274990597990e-01
2.376121441162646342e-01
2.388183568323575257e-01
2.371634599441059532e-01
2.397136827523777547e-01
2.390487533638188944e-01
2.378320898894609459e-01
2.393643928559087697e-01
2.385212854579502884e-01
2.376903816824937898e-01
2.399876281399152822e-01
2.383708749371648283e-01
2.398461466589321134e-01
2.390447734173730965e-01
2.394614238156307084e-01
2.408022645070391488e-01
2.401319575921661842e-01
2.380527405522723794e-01
2.402672467743426354e-01
2.406327418206871960e-01
2.404647909137117845e-01
2.387003831347447869e-01
2.389175661311899179e-01
2.408892752496449574e-01
2.390759628511661128e-01
2.401946663447751540e-01
2.399374817868653864e-01
2.403912100464802304e-01
2.398800238702307464e-01
2.414004273642559872e-01
2.408061389751840753e-01
2.393607988834477174e-01
2.397609280556885769e-01
2.402821286121200606e-01
2.397037981864789391e-01
2.394581618099733411e-01
2.398368494121389805e-01
2.418616291916488859e-01
2.399273921296653511e-01
2.405699414658728219e-01
2.391184532298292198e-01
2.402931694996969791e-01
2.415510143931096365e-01
2.420732887825981783e-01
2.406018589176133760e-01
2.415856343326586164e-01
2.390594028622552158e-01
2.401731023247524466e-01
2.406070621926005570e-01
2.390558126724447174e-01
2.404762771663337129e-01
2.413518589528156066e-01
2.418162539381397691e-01
2.385042097361371738e-01
2.408210009700864629e-01
2.418967370204056500e-01
2.405664289688247970e-01
2.388924883590305692e-01
2.411842433400055996e-01
2.401992615351462579e-01
2.405086042778578070e-01
2.410849540356108101e-01
2.408357753141135982e-01
2.407206305895992771e-01
2.412121147305456570e-01
2.391624564722173163e-01
2.406913998141745614e-01
2.411239878063420328e-01
2.396979999631485558e-01
2.422310614612318280e-01
2.393579927313639888e-01
2.410186669109290469e-01
2.415079224976778016e-01
2.405732007996081168e-01
2.420890889226582077e-01
2.403707224421406108e-01
2.397522551801361257e-01
2.401138934243809697e-01
2.407859149345032979e-01
2.417670787428666535e-01
2.398998163568666631e-01
2.412802388147803900e-01
2.404375634947066576e-01
2.398918725409247832e-01
2.404594591100704393e-01
2.412696487796323064e-01
2.391149533108540559e-01
2.415637809097605504e-01
2.412926725008038842e-01
2.392936333683527428e-01
2.411998832971739559e-01
2.406681455647427248e-01
2.410772691889906116e-01
2.406598433819803484e-01
2.403172116655190871e-01
2.392724192088764024e-01
2.407831701677666525e-01
2.394186872235478658e-01
2.420202468501351512e-01
2.408731920246289793e-01
2.400945643492859438e-01
2.409668923041995148e-01
2.395271749272945561e-01
2.397202412182297959e-01
2.392847502471471266e-01
2.399637199176912761e-01
2.381663615396553968e-01
2.380658666228007703e-01
2.406417364299533179e-01
2.389197885503953622e-01
2.385441592561451385e-01
2.398814026955223833e-01
2.397385415534268871e-01
2.384033227918943010e-01
2.399845256485228229e-01
2.377038835052659449e-01
2.392513840064552644e-01
2.386840912987392149e-01
2.397364000598312395e-01
2.373880073074700892e-01
2.388199266553025224e-01
2.389544823980912780e-01
2.381033284490110813e-01
2.399606494519141431e-01
2.383138226904554513e-01
2.387320148813210641e-01
2.390141712134837282e-01
2.382184462394492386e-01
2.371387205182583224e-01
2.390568269694045567e-01
2.400744464991143301e-01
2.376130101197295175e-01
2.398246150751757733e-01
2.375258320051094885e-01
2.380599707807969923e-01
2.380757899688300261e-01
2.389455712021656963e-01
2.382975334538103285e-01
2.381199267611567860e-01
2.394993848275095982e-01
2.395149636989242214e-01
2.389562137272702169e-01
2.366412927319275772e-01
2.391828850066496925e-01
2.378854931247784965e-01
2.378258282187606654e-01
2.402766948279488057e-01
2.364213998878808565e-01
2.366790107187288494e-01
2.371424788747224788e-01
2.359794904442809316e-01
2.382987119757575267e-01
2.395658384530447438e-01
2.387107403533089978e-01
2.377331897144466522e-01
2.388585199571997553e-01
2.373574165563563376e-01
2.379584059001918772e-01
2.385992646072023216e-01
2.363181412191659447e-01
2.389148082905000747e-01
2.375602513176762742e-01
2.381729029238829620e-01
2.362681315225710066e-01
2.365187142663383590e-01
2.381273182261641752e-01
2.367267255549899974e-01
2.377783190782478684e-01
2.387642349966891397e-01
2.373241031908814025e-01
2.372724083563615971e-01
2.361401915383138650e-01
2.356388888721871744e-01
2.363616089174371826e-01
2.356280200656552248e-01
2.367947558995271429e-01
2.372096389506596625e-01
2.377678235955656139e-01
2.383322432435329985e-01
2.375093711016734721e-01
2.379922427727292067e-01
2.384236899492224726e-01
2.370951778055169212e-01
2.381683788520517486e-01
2.379002053994794808e-01
2.368819271912444568e-01
2.363573897845880067e-01
2.386861685534799327e-01
2.374590119964864743e-01
2.360704546768043754e-01
2.386852183324161547e-01
2.365027035551675039e-01
2.376819971411901766e-01
2.376785401861556679e-01
2.378780604849055347e-01
2.372754450410333171e-01
2.393156984061230175e-01
2.373295842437420089e-01
2.372641231259567662e-01
2.376814023592267455e-01
2.385132406664841331e-01
2.381851571892256991e-01
2.384856040490243578e-01
2.384242042201453748e-01
2.379503343737194299e-01
2.368334878855880843e-01
2.371814217524235713e-01
2.383760632140173585e-01
2.374215472222645784e-01
2.389716970058180512e-01
2.381687882841171111e-01
2.379724288295571311e-01
2.378065302361031530e-01
2.362420518843508233e-01
2.374697850325963311e-01
2.400820439830506914e-01
2.385751043422780215e-01
2.368131109238146847e-01
2.379740031902964903e-01
2.392172769086096940e-01
2.394075447425427772e-01
2.383655774855287512e-01
2.386079756162982901e-01
2.374999219429097808e-01
2.393039169027253998e-01
2.412289234139415040e-01
2.382974440847381858e-01
2.391497655824125768e-01
2.396314571355339651e-01
2.380476077358639198e-01
2.381452262362139805e-01
2.392222649352625519e-01
2.394692950571226386e-01
2.401215634030086366e-01
2.385885847893834399e-01
2.399596891429957024e-01
2.392033463162721585e-01
2.385625275764981235e-01
2.396998456220872653e-01
2.389481180755594070e-01
2.386471575271702228e-01
2.394666232158393360e-01
2.396418294247293357e-01
2.405128684719694265e-01
2.397819114999055479e-01
2.396001715305986768e-01
2.387215578907871949e-01
2.419382832542211204e-01
2.403160674770759286e-01
2.389681661060490958e-01
2.396973397682558571e-01
2.415618142691291770e-01
2.391449356442597596e-01
2.411937353452218991e-01
2.405466925829213842e-01
2.377494777092334644e-01
2.425938134096773113e-01
2.399028116650191722e-01
2.403926539995349665e-01
2.410807583359978745e-01
2.398671969227154921e-01
2.398915454774702138e-01
2.401158093577206443e-01
2.415134304565438317e-01
2.413587706143581479e-01
2.404518737869813794e-01
2.420914919984134828e-01
2.390409470395904179e-01
2.414711367366861039e-01
2.402793182965886065e-01
2.405785309229537539e-01
2.429006208840666370e-01
2.427107995552366115e-01
2.434314186245195299e-01
2.417254182467725998e-01
2.420793609597526874e-01
2.424587136615462823e-01
2.407271768425703340e-01
2.412465067858068912e-01
2.407528769894498599e-01
2.424448104284966377e-01
2.418258732507859166e-01
2.427004522500250394e-01
2.421771599845003731e-01
2.420720218568846449e-01
2.434421029751187293e-01
2.407500131655514186e-01
2.413352857265159412e-01
2.418633303382693167e-01
2.422451399229143265e-01
2.427206977690039014e-01
2.436051666321741027e-01
2.424881662440477037e-01
2.415823653971994056e-01
2.419050688295813767e-01
2.416161711406930868e-01
2.413015500919267475e-01
2.425102507158965470e-01
2.427271899473355810e-01
2.432438318472965044e-01
2.436819679925763538e-01
2.423808250027645050e-01
2.430077723566159142e-01
2.415811242101348622e-01
2.432223772558898822e-01
2.426089997825716382e-01
2.439526364903119027e-01
2.441740402169171598e-01
2.423186547881377995e-01
2.456274429073358745e-01
2.441717906622142831e-01
2.417431233465596740e-01
2.447757348244702647e-01
2.425119330177483434e-01
2.438222178598697387e-01
2.445863843422974859e-01
2.448256424098472495e-01
2.440034986664185723e-01
2.439976310777053903e-01
2.429427424159600057e-01
2.442972375375739580e-01
2.452607995534729357e-01
2.438293694626037234e-01
2.447780864594132633e-01
2.423571467014612180e-01
2.422852929905965624e-01
2.450861944758160327e-01
2.453878524652848836e-01
2.428240750696972483e-01
2.429940349841481773e-01
2.441272879948094277e-01
2.434496204653865958e-01
2.444960513363104715e-01
2.433200228076883576e-01
2.456542755104152986e-01
2.447823856358311012e-01
2.433591481414117685e-01
2.452318888401344710e-01
2.438737518228773216e-01
2.440281580697917785e-01
2.432966635770676955e-01
2.450169618118581694e-01
2.433450327648351563e-01
2.447698374219698936e-01
2.440905208161391338e-01
2.448758572096677022e-01
2.439717466916665467e-01
2.435309170062646689e-01
2.449228910996941178e-01
2.445492680274303221e-01
2.454564684595141322e-01
2.450592106769724776e-01
2.450495980970145427e-01
2.419808475337592302e-01
2.443118707254919864e-01
2.450203585939954853e-01
2.456666927321675964e-01
2.455729774179607749e-01
2.451003717565074513e-01
2.437944423053863829e-01
2.441335775714829071e-01
2.448494377400116107e-01
2.448065981305621863e-01
2.436600412304807117e-01
2.447088932662770389e-01
2.444171020650129922e-01
2.451332020640281106e-01
2.433201264389462937e-01
2.450692204964069476e-01
2.437119516403528086e-01
2.442426485171270423e-01
2.427533660405140903e-01
2.456219286315977357e-01
2.445458384467342483e-01
2.432951252487784710e-01
2.439160906507067961e-01
2.451028486182628974e-01
2.437534907603192968e-01
2.452605156944793474e-01
2.446046323291980462e-01
2.443932786762970932e-01
2.435766908273176712e-01
2.427781846427571055e-01
2.439857678006212283e-01
2.445421106091287544e-01
2.442669936287874544e-01
2.443954986057332857e-01
2.427646383929930596e-01
2.439863603150980997e-01
2.443887706553123651e-01
2.444777643651997179e-01
2.437953167997154447e-01
2.438092322878113449e-01
2.435802680161321121e-01
2.439783762669127942e-01
2.443120192360689613e-01
2.443704055654588869e-01
2.433960216604747484e-01
2.444115502911041460e-01
2.429773167435449188e-01
2.436095786557973264e-01
2.427861686820891873e-01
2.439774458236979859e-01
2.429520897216145559e-01
2.426456506204509034e-01
2.432364125306429870e-01
2.440322116926557650e-01
2.431642671967301494e-01
2.450258443685765508e-01
2.417300465150464539e-01
2.429777050051646348e-01
2.431544661347719016e-01
2.415610252008074388e-01
2.435313334172449218e-01
2.424079565639244427e-01
2.441300887050689983e-01
2.426300966168730422e-01
2.410521597669115501e-01
2.435412366894733893e-01
2.422197178296052467e-01
2.426424074000645692e-01
2.433555240843247591e-01
2.413061847429241180e-01
2.431497526481375959e-01
2.432829160487783582e-01
2.419851720314398213e-01
2.432524248679447942e-01
2.425431516089340267e-01
2.420460965989006674e-01
2.425100116891988344e-01
2.410556997675691870e-01
2.418260433910535967e-01
2.422263879761429872e-01
2.403727045098295600e-01
2.426809861410655633e-01
2.407638925774516769e-01
2.423507800934252276e-01
2.420433264817340724e-01
2.413733365959625232e-01
2.409754825862379934e-01
2.413661310923946313e-01
2.402819299470860814e-01
2.410090971081191025e-01
2.400428177500512628e-01
2.406249169967863422e-01
2.420649591344921359e-01
2.400677132093874955e-01
2.390026162131513865e-01
2.405407811166479781e-01
2.392423845962343976e-01
2.418424951123335498e-01
2.396678241567057610e-01
2.394931795755857462e-01
2.409467424268317559e-01
2.407262633890228654e-01
2.413181851630345487e-01
2.409710891176254088e-01
2.408905662386171820e-01
2.416563898872789995e-01
2.390607942628616145e-01
2.407001717692541509e-01
2.397974361406149946e-01
2.380089429689474234e-01
2.387986223846719769e-01
2.393647853578715901e-01
2.397872243211820187e-01
2.388321545017280945e-01
2.403934553902528359e-01
2.397933677402777075e-01
2.398480811680680780e-01
2.396182425949634487e-01
2.395828455927034306e-01
2.400288366158624676e-01
2.394549256874265730e-01
2.385965534962393164e-01
2.407472965079746063e-01
2.391450054255353230e-01
2.395163732911968490e-01
2.383065042566922531e-01
2.382064519759057586e-01
2.393604084939449372e-01
2.408996560967521239e-01
2.382696705567064477e-01
2.380775178434947070e-01
2.387476254630585548e-01
2.405815773104643951e-01
2.394209678284450471e-01
2.384587971509211368e-01
2.380742727303672979e-01
2.389770998837671412e-01
2.386217628735111396e-01
2.394901277782672810e-01
2.386786096164471016e-01
2.391157165036936760e-01
2.391442643521275724e-01
2.382645417095944906e-01
2.374735425312553272e-01
2.384189044600648066e-01
2.395843753949488397e-01
2.379438961327768609e-01
2.383404886310276083e-01
2.389571900601971943e-01
2.394340741457771371e-01
2.376268652851428465e-01
2.384887755765646711e-01
2.375994604212779415e-01
2.374473103604120283e-01
2.382615755882802888e-01
2.380427501743899721e-01
2.385770707063269158e-01
2.403669425678797433e-01
2.393809153351971475e-01
2.383909599122757406e-01
2.385961832367778090e-01
2.395656013830788356e-01
2.378334793785341628e-01
2.387756167991340606e-01
2.389767155120739450e-01
2.389058569905901652e-01
2.381677532523931995e-01
2.386230568922502737e-01
2.391879159252403297e-01
2.375324010789772178e-01
2.391935470873959302e-01
2.386238313680108525e-01
2.395371263824896957e-01
2.387158676854216344e-01
2.397705437992923849e-01
2.401372339669663458e-01
2.396338781943678775e-01
2.399909061201755400e-01
2.391406563670817331e-01
2.395937782427768614e-01
2.389530536519644810e-01
2.380436265270123308e-01
2.393416248773869437e-01
2.383700536285932037e-01
2.387491899849233934e-01
2.400407431596935093e-01
2.382005207276120529e-01
2.385376106358552961e-01
2.406844423785362841e-01
2.401971193912681990e-01
2.389548376115188666e-01
2.387931774272029350e-01
2.385227792722557361e-01
2.390401811292497958e-01
2.386559648267467804e-01
2.385131973219240809e-01
2.387161713061963508e-01
2.395664714590959032e-01
2.390350739265552915e-01
2.394469374276073648e-01
2.395326211182163267e-01
2.382675514515973925e-01
2.394181511149147679e-01
2.396199729405334433e-01
2.387184152358944045e-01
2.383151214414495900e-01
2.397840021257845733e-01
2.390768250227754410e-01
2.378731273488374209e-01
2.401660418875876946e-01
2.398553801061584501e-01
2.397793587753367373e-01
2.387147112508413438e-01
2.390869782330939941e-01
2.395702288661919754e-01
2.395714290768459209e-01
2.387972534949575065e-01
2.397056381753223664e-01
2.401161281734009445e-01
2.407190602017878212e-01
2.407638183919672270e-01
2.394767112031261636e-01
2.398412600537426775e-01
2.383134236295313124e-01
2.384651848766866644e-01
2.393830800299949768e-01
2.393972960718505905e-01
2.406284127407218310e-01
2.419964061023918422e-01
2.398171004875330470e-01
2.396450807895603996e-01
2.411973214179752023e-01
2.403963723339448688e-01
2.407705838692019429e-01
2.396980759823982010e-01
2.399087895225106015e-01
2.403363860152431530e-01
2.401680265295062511e-01
2.402165263439624276e-01
2.397383476558515580e-01
2.392335690140590665e-01
2.415263664528753684e-01
2.388491901756050473e-01
2.410076559794182005e-01
2.401584783377277432e-01
2.409253211430782970e-01
2.418929151812353462e-01
2.400506985218038569e-01
2.407957634075387210e-01
2.403984942344369324e-01
2.388146061051233948e-01
2.416067755737423550e-01
2.403631040572833943e-01
2.413615198078360724e-01
2.407863621901673856e-01
2.408804580102854587e-01
2.402713933615374664e-01
2.399031097620856479e-01
2.405877319170915685e-01
2.409509793672845734e-01
2.394248106345703009e-01
2.416839167322380189e-01
2.390614449725681212e-01
2.417290228857993939e-01
2.414204790781739884e-01
2.394853799480518852e-01
2.396251341073622199e-01
2.408407190674832221e-01
2.393352293064493486e-01
2.399543255638634798e-01
2.406053372079529074e-01
2.405323697620035672e-01
2.410367194579828565e-01
2.396461178834297656e-01
2.410548008285827715e-01
2.398374229919182365e-01
2.423808638892746559e-01
2.416660732482426854e-01
2.406404510313832346e-01
2.403233542072427120e-01
2.409834322738351742e-01
2.413071867710684659e-01
2.420596904295842511e-01
2.416397221454128219e-01
2.414838390324973993e-01
2.408886580854794068e-01
2.407734266898104158e-01
2.418585872590518215e-01
2.418948754171641735e-01
2.430015183664873957e-01
2.396891378923644844e-01
2.417731025979847903e-01
2.413645603089875913e-01
2.410815518021463266e-01
2.410995248610910691e-01
2.413727859396887221e-01
2.419254142391631668e-01
2.410244767139547717e-01
2.410842815648132631e-01
2.409991131395055608e-01
2.414290139041050942e-01
2.421534093753882066e-01
2.407766768713366090e-01
2.401129746603728465e-01
2.400138159295022167e-01
2.411836084161237681e-01
2.398353369137533886e-01
2.400388308685260930e-01
2.421533581851253170e-01
2.420421223723391302e-01
2.415265138823898816e-01
2.407798922022592880e-01
2.410334448547127584e-01
2.434006177524547232e-01
2.403358828984014095e-01
2.406939933953114730e-01
2.419711591087756186e-01
2.412701195872089255e-01
2.401211003723348614e-01
2.399392124685359173e-01
2.426903378563799729e-01
2.401097654863551811e-01
2.422135805546391241e-01
2.412166256802151520e-01
2.419660142308203976e-01
2.409108383147889887e-01
2.410399215690978425e-01
2.403565174145324002e-01
2.406896486086254061e-01
2.415643533057995340e-01
2.421368756464260530e-01
2.416262375986321376e-01
2.406344970495103430e-01
2.387891166003441867e-01
2.398224821277917806e-01
2.411411810668886158e-01
2.420942987170108252e-01
2.402788814875594925e-01
2.405512222349460161e-01
2.399251427339147147e-01
2.402582853640440608e-01
2.398413072531351553e-01
2.391075777875333042e-01
2.394768291748732847e-01
2.407757088835442982e-01
2.403805221302405815e-01
2.400819217259119731e-01
2.406931869109202038e-01
2.395666815228397473e-01
2.409158909928338366e-01
2.394394991810188389e-01
2.409155078880214351e-01
2.395225363786166184e-01
2.407762595629394098e-01
2.402767776202369143e-01
2.401391652713175950e-01
2.397331488395347265e-01
2.413099652757779989e-01
2.392866997098474502e-01
2.397044929192109486e-01
2.398838911621351544e-01
2.410989195459629086e-01
2.394143748639943614e-01
2.403417374990018673e-01
2.421613139934292724e-01
2.386374346115632261e-01
2.389489777036898355e-01
2.383343845631110958e-01
2.402342360297616553e-01
2.393059172540144830e-01
2.388678231755872738e-01
2.404182926147194477e-01
2.384583324537874471e-01
2.407077512319031054e-01
2.392216021281105276e-01
2.391479178125040794e-01
2.398142132548374550e-01
2.383734446294639431e-01
2.387237972696146793e-01
2.395097755472365419e-01
2.385551207248887140e-01
2.387496816562126589e-01
2.382405224772755903e-01
2.382535809635694113e-01
2.387276498670193592e-01
2.376447300213160585e-01
2.372838403473795377e-01
2.381760905041330201e-01
2.390501680184238253e-01
2.380198682815558020e-01
2.385248272805476355e-01
2.390781579140587310e-01
2.373136178236828486e-01
2.379476466238611421e-01
2.380554212975065087e-01
2.370361893019896637e-01
2.385011940326834390e-01
2.380553469074670470e-01
2.384878646972898586e-01
2.381390916689176129e-01
2.381968883046733654e-01
2.377954146610467834e-01
2.363135067003003797e-01
2.385169023567934588e-01
2.370391377062902316e-01
2.369475404108204453e-01
2.378945822886234795e-01
2.370590338908416250e-01
2.374421115274302496e-01
2.383602165162830300e-01
2.369179490131188004e-01
2.363573888137558143e-01
2.372304550979093263e-01
2.380016306265549109e-01
2.379872424654212448e-01
2.374614072561254396e-01
2.362011690811371967e-01
2.355101622503305847e-01
2.381826539483255789e-01
2.367110136906174500e-01
2.377028371175783639e-01
2.368350635072638544e-01
2.372959615459502569e-01
2.375101358727618184e-01
2.369684837112934206e-01
2.369555530196739979e-01
2.357978438780414243e-01
2.357020479826119619e-01
2.357875946068419271e-01
2.372287826505837804e-01
2.366422220075408700e-01
2.373169619656848028e-01
2.361183842073116546e-01
2.366253643801082829e-01
2.361843653454838432e-01
2.365687093129667518e-01
2.354565862974260237e-01
2.364531506721126441e-01
2.368658181655398376e-01
2.365789272153633604e-01
2.366040181099516304e-01
2.349877132810904434e-01
2.360372580335949599e-01
2.368010942459730928e-01
2.361404893432690055e-01
2.353798776952684968e-01
2.358662398496285117e-01
2.377881546298206139e-01
2.356601541309445436e-01
2.362812932521990428e-01
2.361628887925577847e-01
2.353584877613278115e-01
2.375234889723934484e-01
2.357756648775171660e-01
2.368609176299653618e-01
2.352223760157721999e-01
2.363914643523967185e-01
2.367803940351568825e-01
2.368157992196445738e-01
2.372568048249267258e-01
2.355469801316516787e-01
2.366643976541043803e-01
2.363417180151514418e-01
2.364552641581956494e-01
2.362328845003569822e-01
2.350145315028749071e-01
2.352160483919231160e-01
2.368050437113532192e-01
2.352669254530107834e-01
2.364530352807572289e-01
2.363240186044163749e-01
2.366374501955173237e-01
2.356161574432199812e-01
2.365218045873030417e-01
2.359182392523526128e-01
2.364809149098839047e-01
2.361741121191533732e-01
2.367831343368859143e-01
2.375897992278561410e-01
2.375428649006764703e-01
2.357808590594121789e-01
2.374512098840559637e-01
2.358279371799658075e-01
2.382742811999924715e-01
2.356819064731057178e-01
2.358200378485276194e-01
2.370949011914474103e-01
2.353182924173397583e-01
2.351463807137491868e-01
2.357828298869592276e-01
2.383745431422086003e-01
2.384013965792740608e-01
2.360775748699239507e-01
2.369377625003672716e-01
2.377106839199202570e-01
2.365362172092515536e-01
2.363529574482078344e-01
2.368312573985581482e-01
2.365140834637975142e-01
2.369684684459760771e-01
2.355336311621736012e-01
2.365638295875040209e-01
2.363888869964530515e-01
2.364044705832090421e-01
2.362797233980877265e-01
2.365473946404992034e-01
2.366191737755302393e-01
2.363230930466863888e-01
2.374191499670860461e-01
2.359437418175390488e-01
2.349708299028412384e-01
2.380276928460266783e-01
2.357577280035494105e-01
2.372003573887903061e-01
2.360405998129382898e-01
