9.564774229165994290e-01
9.168644003333956682e-01
8.869591322420259383e-01
9.794048621262134713e-01
9.199760349484953359e-01
9.798207544806858404e-01
9.057759646612870696e-01
9.514918669480172397e-01
8.819549991134330025e-01
9.406019931346570884e-01
9.811849191726702557e-01
9.949143432645803919e-01
8.719618443456322865e-01
9.663272773040301189e-01
9.118728319917395186e-01
9.403405890915460530e-01
9.165772271203526111e-01
9.877434240210313243e-01
9.875384303204745029e-01
9.020788420708112376e-01
9.528578984760133208e-01
9.272429687603753745e-01
9.297784629950768265e-01
9.626768048994797100e-01
9.397095703981024339e-01
9.639176610439067483e-01
9.524450589283008917e-01
9.193201558408672369e-01
9.281981768622451501e-01
9.345929230486312855e-01
9.271309557303498705e-01
9.233786661028599019e-01
9.462382931044778234e-01
9.116520597079079691e-01
9.168772780518169574e-01
9.573039366211998358e-01
9.596581844272168427e-01
9.447961906062145587e-01
9.809846482048059091e-01
9.573432558208136989e-01
9.572291219270324669e-01
9.396305949762155940e-01
9.572613092599703277e-01
9.067037995383231408e-01
9.329071992231683375e-01
9.699999679995382484e-01
9.220632384155060812e-01
9.248487956861293213e-01
9.774105376804693712e-01
9.282622463291795301e-01
9.778818978202209466e-01
9.287660783471284320e-01
9.145955275563618647e-01
9.257772981465873796e-01
9.493381479701695769e-01
9.288530327929434005e-01
9.437292295470209869e-01
9.076189018475134818e-01
9.432884595392592164e-01
9.121305379478162889e-01
9.525041646897578484e-01
9.389069605362111437e-01
9.604058776744058834e-01
9.408247157563123242e-01
9.514189813519297045e-01
9.361834251233580595e-01
9.440552123931261752e-01
9.513140915122014762e-01
9.430866164545480546e-01
9.633401171975193300e-01
9.367589329811633059e-01
9.358780347608105510e-01
9.538822985023422962e-01
9.409786164093677518e-01
9.455019181227823921e-01
9.240004880389497410e-01
9.382728161557934987e-01
9.225255288921582197e-01
9.219972208306381756e-01
9.212006062030658748e-01
9.518296248311871599e-01
9.655333961072833926e-01
9.450390098842216258e-01
9.493577110139672648e-01
9.356610380716173792e-01
9.338114225707686566e-01
9.435107684482060275e-01
9.616101653107952396e-01
9.491931316381593264e-01
9.535504320383345611e-01
9.544711944008107407e-01
9.347697240091353832e-01
9.284167678370752741e-01
9.618187041941091975e-01
9.451712923003883216e-01
9.406132747706521524e-01
9.731404510845274025e-01
9.648958921789660970e-01
9.416939428164700088e-01
9.371792838392337677e-01
9.447403381463361782e-01
9.430813919596581218e-01
9.199289296591240950e-01
9.356091299990151322e-01
9.701987106669821559e-01
9.487199901717796591e-01
9.296511000111746803e-01
9.279891075624259189e-01
9.194891168636213363e-01
9.405180972645534876e-01
9.446489482865061404e-01
9.377405970256953438e-01
9.579168422308186326e-01
9.320422229259360813e-01
9.401707205277263224e-01
9.227317505504143424e-01
9.315504328580939131e-01
9.492540080246716361e-01
9.350632933396074709e-01
9.572786663246235506e-01
9.283418185398026878e-01
9.477821501578528318e-01
9.447403241980290023e-01
9.372812095629888818e-01
9.452085695997616277e-01
9.308335579597420972e-01
9.258897138833734886e-01
9.411354059987423470e-01
9.455796122624363642e-01
9.427349603818960810e-01
9.305677242049632536e-01
9.409956486427479838e-01
9.361486454561083193e-01
9.436864517079153192e-01
9.295805630771160066e-01
9.466800918406826915e-01
9.347416842644644674e-01
9.392670490059064070e-01
9.412399713887807939e-01
9.407020788599460559e-01
9.511943696967928297e-01
9.264103918048228747e-01
9.493566261753484392e-01
9.252986452162318409e-01
9.469387748621513889e-01
9.481220650285869800e-01
9.425866332366259481e-01
9.433603702513031486e-01
9.367942048400701438e-01
9.453134341899631643e-01
9.260396879824912553e-01
9.413361824318418059e-01
9.305527311879049357e-01
9.288376857335004511e-01
9.509864414165491997e-01
9.337826961851376506e-01
9.406532210025099205e-01
9.380611420578970350e-01
9.399093881318447696e-01
9.261859137331468483e-01
9.214462877961044907e-01
9.313720498988058427e-01
9.367024778563950438e-01
9.470428305775187017e-01
9.476669673815019124e-01
9.388654894934312933e-01
9.386272477767416689e-01
9.345015474583943105e-01
9.644827184669801934e-01
9.378601181969329348e-01
9.337569228898717766e-01
9.429632033414983017e-01
9.329678218348302909e-01
9.383067578739829884e-01
9.204162046087368543e-01
9.426257401113493639e-01
9.196057104921647740e-01
9.524541095978763527e-01
9.225666559937747424e-01
9.425093389902822194e-01
9.435566607347234402e-01
9.450718300652976023e-01
9.363393161017982136e-01
9.376927820039677730e-01
9.431091737095983474e-01
9.454801418412031033e-01
9.266907628436531486e-01
9.391670320795554305e-01
9.489525395942915997e-01
9.349922478041367002e-01
9.358731682354202164e-01
9.303087159155006836e-01
9.377697438702783383e-01
9.323503428832915496e-01
9.277826375968117878e-01
9.502840894598740817e-01
9.186211749812223104e-01
9.376051290764296775e-01
9.299686043742788621e-01
9.317385384775298540e-01
9.255259479449726712e-01
9.419338356150238623e-01
9.415519358650941140e-01
9.337133119992861996e-01
9.474829503348162207e-01
9.478947346919631700e-01
9.330953789117200081e-01
9.237599547963136759e-01
9.293670488524250484e-01
9.255245471185956641e-01
9.418611384399828701e-01
9.327181305515851450e-01
9.387856969348642444e-01
9.282945818818160166e-01
9.393131784266621764e-01
9.387025020435801892e-01
9.274099051314127484e-01
9.257023494265735897e-01
9.170327260719253193e-01
9.320262981017631843e-01
9.389240956772367808e-01
9.376641307283445359e-01
9.530462640972536814e-01
9.298113201097611968e-01
9.354015061587513946e-01
9.236806131902880468e-01
9.432847983130345781e-01
9.205230322624620154e-01
9.275616767411535291e-01
9.372268883757951530e-01
9.304922056617573878e-01
9.274356204152275351e-01
9.374845575300282396e-01
9.215298161037491775e-01
9.322524952040757151e-01
9.250636986389375593e-01
9.314426531375648022e-01
9.367007754720634294e-01
9.294531349998498282e-01
9.351176279596608021e-01
9.382617243194588674e-01
9.267732861630798569e-01
9.317022759972728441e-01
9.379369584424829265e-01
9.271920271302807048e-01
9.244023901458660042e-01
9.140112800168237461e-01
9.311964223919104722e-01
9.362150798780001226e-01
9.230281236372661624e-01
9.225272059596786312e-01
9.187307754562369366e-01
9.203780662581975136e-01
9.287254688540730330e-01
9.290625556633722582e-01
9.267839665617285672e-01
9.313159645982791446e-01
9.291831716855432077e-01
9.200091667131784501e-01
9.190273260860311044e-01
9.386917951610874722e-01
9.155809301500069664e-01
9.219872692192065955e-01
9.171416297170355003e-01
9.216117667826710935e-01
9.176465468252564817e-01
9.283838591310551447e-01
9.227327703087110367e-01
9.240822033014531867e-01
9.242263085679648382e-01
9.281825920838604471e-01
9.273959097632044069e-01
9.228985137571225073e-01
9.223702155744407660e-01
9.180040077473733406e-01
9.118054139631646127e-01
9.208785856869105002e-01
9.131587590336623927e-01
9.321192287806613352e-01
9.142753725084816763e-01
9.263531654925497572e-01
9.286705724924132488e-01
9.187512612336090623e-01
9.252076463116370997e-01
9.187473910158580059e-01
9.214467718051607692e-01
9.147276962939453471e-01
8.992265170386852802e-01
9.288628281094063466e-01
9.243524255557624691e-01
9.117371350078783410e-01
9.279873892228818200e-01
9.116774985653388619e-01
9.229359922930658877e-01
9.186836435576823945e-01
9.184138607942108345e-01
9.013929204026027708e-01
9.282312624456544592e-01
9.152240153713632198e-01
9.138009845518116903e-01
9.154643909808063418e-01
9.097278586424046853e-01
9.124677705680506179e-01
9.095156005583422409e-01
9.014825856479341537e-01
9.043490482137256370e-01
9.024077642404046973e-01
9.163585444954339687e-01
9.104613019935501317e-01
9.060542509626918761e-01
9.154019227242112811e-01
9.047962000708450470e-01
9.167091151522089865e-01
8.993219485426288129e-01
9.094337305647816061e-01
9.183526613490777812e-01
9.011682258892113051e-01
8.987857243155144005e-01
9.047783500591369821e-01
9.095209300469548896e-01
8.936447804061176114e-01
8.984607398354143015e-01
9.001067716707249478e-01
9.035572694699836038e-01
9.070921263997251405e-01
9.039602804000662628e-01
9.165527935741228927e-01
9.059536578203675194e-01
9.069792462071865069e-01
9.106866197114601436e-01
9.064196766174815734e-01
9.074835658484889933e-01
9.024842336462326475e-01
9.000379107900285947e-01
9.087301649398940029e-01
8.992047078967161378e-01
8.986522096263844794e-01
9.068697912097631875e-01
9.148836134830012901e-01
8.960996400365803805e-01
8.862796407692922207e-01
9.074401717774049914e-01
8.989678329013449654e-01
9.026058704114522380e-01
8.993457703758992450e-01
8.986386852342282960e-01
9.097813697155511248e-01
8.825720845927010894e-01
8.920590019410871152e-01
8.967862353661054664e-01
8.958178016523248299e-01
8.842267635159734018e-01
8.928738500182900051e-01
8.999268576397047026e-01
9.014724846386011903e-01
8.839422447905240787e-01
8.853097236936803283e-01
8.921644399683810178e-01
8.933037342638094902e-01
8.896627877073921553e-01
9.012831689105593735e-01
8.820286461890399776e-01
8.899618810569507321e-01
8.823451781347885214e-01
8.941878798710168885e-01
8.867441782249873006e-01
8.875500155724429519e-01
8.923646770830946373e-01
8.884915884085748949e-01
8.964295747960873140e-01
8.942292569426774085e-01
8.983918935381030035e-01
8.872706598490139873e-01
8.816933271968582231e-01
8.912024588967999428e-01
8.709875124476389452e-01
8.834831182790224835e-01
8.885316482548994976e-01
8.859152699255745667e-01
8.771113060105538706e-01
8.925485704653842722e-01
8.976205285180617333e-01
8.770893238064396691e-01
8.688505169377210846e-01
8.806280535915529395e-01
9.069495523511732493e-01
8.948523807507415828e-01
8.861326639154111229e-01
8.841154203943386580e-01
8.794331529000203318e-01
8.882434615697164526e-01
8.862876420149061740e-01
8.825915431276420975e-01
8.850489685866452794e-01
8.750826798373199100e-01
8.828888560982650624e-01
8.730526217571186187e-01
8.836765719918242556e-01
8.863265525453091209e-01
8.838056850930292585e-01
8.904705667993046969e-01
8.806453530496487492e-01
8.860652402690339935e-01
8.896473107107922829e-01
8.863497062887443212e-01
8.871867236799484413e-01
8.765947749989614346e-01
8.798553295052327083e-01
8.769554397516806654e-01
8.649982705070455857e-01
8.718640347456392270e-01
8.678146284142654876e-01
8.804361307290600180e-01
8.852804305354120551e-01
8.801563232357995092e-01
8.675122927312894916e-01
8.758246442353411210e-01
8.790543477145027484e-01
8.746060973702466379e-01
8.770969600807387856e-01
8.727457298155630872e-01
8.626074726729701103e-01
8.751163669736771178e-01
8.726523457371101467e-01
8.686136058702966789e-01
8.784248850880898019e-01
8.692377049153173774e-01
8.738696134654100334e-01
8.732183535533596386e-01
8.679262150982082202e-01
8.672658536739332735e-01
8.678456355434220892e-01
8.709322561819597963e-01
8.812491088270090200e-01
8.674669725031679546e-01
8.566292669950391625e-01
8.685495635666177217e-01
8.641156044095510413e-01
8.602411881072796751e-01
8.588903378834750191e-01
8.593405309797975677e-01
8.674131178360456884e-01
8.807993931176080205e-01
8.730856766563541704e-01
8.752618478762138610e-01
8.544534486402493023e-01
8.612366444853988279e-01
8.587553441977658908e-01
8.688987381970723067e-01
8.637873832087687997e-01
8.647091422948502970e-01
8.548856838368424915e-01
8.595790459120175031e-01
8.567579798174448369e-01
8.475658278900117804e-01
8.605087362362620063e-01
8.708046593504690236e-01
8.699780298276643675e-01
8.506676629400233836e-01
8.556814916992769859e-01
8.694309765303853688e-01
8.596865729478581075e-01
8.548721506702785522e-01
8.466027459613456596e-01
8.520140476700653887e-01
8.519845371318773841e-01
8.427614104150629171e-01
8.534248354368504375e-01
8.412392758430677908e-01
8.487265097100078481e-01
8.526258496473035908e-01
8.433192815837506906e-01
8.480587035364778314e-01
8.425743986537255203e-01
8.515628569052887675e-01
8.399532356756298501e-01
8.504211797958971530e-01
8.469922543386622094e-01
8.418488759418102374e-01
8.397722135848830760e-01
8.437439256949229582e-01
8.399437459239699200e-01
8.325015962979022133e-01
8.394830659286300900e-01
8.376189184266422671e-01
8.353451640603525297e-01
8.331364739623424720e-01
8.360247629374994993e-01
8.406824961988311751e-01
8.327750373990278066e-01
8.215543878002175004e-01
8.314252474066444742e-01
8.352331116553878276e-01
8.187657758295060484e-01
8.308631525708588539e-01
8.313057132295542662e-01
8.296318513924542115e-01
8.255167558212529455e-01
8.129578144836659970e-01
8.328554184891628909e-01
8.226566721772462509e-01
8.303825864726421813e-01
8.333909519532418653e-01
8.272941765073065223e-01
8.193299935193966155e-01
8.218342321994555055e-01
8.233768108068844072e-01
8.208157117108473289e-01
8.205665714537846434e-01
8.137577458419553711e-01
8.109774447187967361e-01
8.237603953227516929e-01
8.139198665566417246e-01
8.082084391517773136e-01
8.264073811224572630e-01
8.122681895049600476e-01
8.117568512215664889e-01
8.123918465443226156e-01
7.982232527015864498e-01
8.151764693310674659e-01
8.031518344344180660e-01
8.110319833843383508e-01
8.049771223174903012e-01
8.158048690334793740e-01
8.045965084688976310e-01
8.065563796066980151e-01
8.063784237592029891e-01
8.035271378323631808e-01
7.879157100138165504e-01
7.912683175590762286e-01
7.983254232682741591e-01
7.755771043217284388e-01
7.947238781341785518e-01
7.947188418999214798e-01
7.987104493662506854e-01
7.825387225771648358e-01
7.865919083438258630e-01
7.982381855687910033e-01
8.004907368373802568e-01
7.948766153359997366e-01
7.955908211175378719e-01
7.994469627327083217e-01
7.960594227798384326e-01
7.834833027274936690e-01
7.832205537024402586e-01
7.894658533587379790e-01
7.768212282700736049e-01
7.785582630119998182e-01
7.870124266386455680e-01
7.789966869911293390e-01
7.838497699082791481e-01
7.734634600339372890e-01
7.845123077016229463e-01
7.757278132517840818e-01
7.796820298781063086e-01
7.723554258311894349e-01
7.742295967642529586e-01
7.807542172955537207e-01
7.650369719452870809e-01
7.674074563222629264e-01
7.697141820073208907e-01
7.803969704695601362e-01
7.742252272450372841e-01
7.776779945815182060e-01
7.778734089202850033e-01
7.748192170034435833e-01
7.742066565354015495e-01
7.690937587470197956e-01
7.705825001234843930e-01
7.764726433026624131e-01
7.653496522302126737e-01
7.603460256740839363e-01
7.651983213595471289e-01
7.664185602816624421e-01
7.577026533809253506e-01
7.619614558784987279e-01
7.642564353354228679e-01
7.610078485032867324e-01
7.611153670039031427e-01
7.662227434016704031e-01
7.553354963512551867e-01
7.575749004463407932e-01
7.546775367009180835e-01
7.623351656166404977e-01
7.659060493969569450e-01
7.639719121997188278e-01
7.506832953167478228e-01
7.488066903888631609e-01
7.593108145226015182e-01
7.578797151595023651e-01
7.566229666779438201e-01
7.626617298153557378e-01
7.531238591447135811e-01
7.561767348074670547e-01
7.553632741183599064e-01
7.452440625503810034e-01
7.593992501648706428e-01
7.562962781181584715e-01
7.579076624175653532e-01
7.471206986889930013e-01
7.535421760193706797e-01
7.580636596445954334e-01
7.600154160476669807e-01
7.548155400870503184e-01
7.429851309274381199e-01
7.512080817727636584e-01
7.427565821903959753e-01
7.450841833937855707e-01
7.366368113113560545e-01
7.475034006981109425e-01
7.427857138498238365e-01
7.492842167411669640e-01
7.414721198586178286e-01
7.436544497048913627e-01
7.451090015840651226e-01
7.397416298366790155e-01
7.528929592294185680e-01
7.471946609662944994e-01
7.458063484308091740e-01
7.487600729690629953e-01
7.408742047144807330e-01
7.390193595005014604e-01
7.420928497323635575e-01
7.454040801110838332e-01
7.365617851374148817e-01
7.462380738104028577e-01
7.415530362381871354e-01
7.422947199719838185e-01
7.405265049824729662e-01
7.515707879201737329e-01
7.405741236597028765e-01
7.385148695234121652e-01
7.365480449332609814e-01
7.476560744007763049e-01
7.414549145353456217e-01
7.375090306484630709e-01
7.436336484087436860e-01
7.457735251640885688e-01
7.390138963044555753e-01
7.460711365418638552e-01
7.375365433681012606e-01
7.358185013022724430e-01
7.423067105726125492e-01
7.353878946265981487e-01
7.449624492484787641e-01
7.439999883045947948e-01
7.371044299207097916e-01
7.352362162232116694e-01
7.426096591001931646e-01
7.420774415616337993e-01
7.478248323260374697e-01
7.363775010015645162e-01
7.497675312282321425e-01
7.382790823827323212e-01
7.448499818586091781e-01
7.411111965278887048e-01
7.514610298211461537e-01
7.424627362096529737e-01
7.377163727481385047e-01
7.444224529474612329e-01
7.395212148213181624e-01
7.495465889049686137e-01
7.437738130007127690e-01
7.408651354975379633e-01
7.368909287397553687e-01
7.418562508596107108e-01
7.503282962958400804e-01
7.432618717323263846e-01
7.474238137413360406e-01
7.507879585601916483e-01
7.463291659355251184e-01
7.453395442481676181e-01
7.535816000902225698e-01
7.489281250745349894e-01
7.355831151268111823e-01
7.495568820173121871e-01
7.461026789347127153e-01
7.578590853208981848e-01
7.497172013347055408e-01
7.427053333774734645e-01
7.488995758786999302e-01
7.478211652198452075e-01
7.534024388570637054e-01
7.715199471673310772e-01
7.583901086641645639e-01
7.526885186616323331e-01
7.502775126374854331e-01
7.567233610966224155e-01
7.527133338473839252e-01
7.529901634504465591e-01
7.544857062297374295e-01
7.571443073920288702e-01
7.637732188969929004e-01
7.609836134074868808e-01
7.543328340200463611e-01
7.659640885018694778e-01
7.611147695671161006e-01
7.636114095354099573e-01
7.757673038170004309e-01
7.637975757128818710e-01
7.706416205319375212e-01
7.628810299472330581e-01
7.664463949718507418e-01
7.693411618469570001e-01
7.774916915877760903e-01
7.757277591309148512e-01
7.692687344220697776e-01
7.704999315201921384e-01
7.751267700391508697e-01
7.804872494856902598e-01
7.768769204236151138e-01
7.731305674483294199e-01
7.759795754966825054e-01
7.846354463719299455e-01
7.767336013990014942e-01
7.890670259444004797e-01
7.882943097114778475e-01
7.837391721373953013e-01
7.823220701766501195e-01
7.805837069885891433e-01
7.941635486421282364e-01
7.919320789920422099e-01
7.821096147041736169e-01
7.814706877146899711e-01
8.028389805736387830e-01
7.999744279664973146e-01
7.900799545429982862e-01
8.003305308315920019e-01
7.999244930393918374e-01
7.994736330565342941e-01
8.021222696864440671e-01
7.946711744078651662e-01
8.047632952343874990e-01
8.060865395662484278e-01
8.047694829275089390e-01
8.167821577694833746e-01
8.135024096189524823e-01
8.099207181410685852e-01
8.057886747186502330e-01
8.186881115232160777e-01
8.162812895061852814e-01
8.161444771682070387e-01
8.260251700095176952e-01
8.188605134084113724e-01
8.293286712175255149e-01
8.270525451320774879e-01
8.289258502177324628e-01
8.205100623998672349e-01
8.319075843003953530e-01
8.301953821457194183e-01
8.364173824966997239e-01
8.344909301454934702e-01
8.385445077345586862e-01
8.464928201073649294e-01
8.379637190412148051e-01
8.514948999680103103e-01
8.436432852399834426e-01
8.480859173904464754e-01
8.437420088986583577e-01
8.394009174440835164e-01
8.408988383751615503e-01
8.514901400480430205e-01
8.569058101934180494e-01
8.523011010804891763e-01
8.687884015268835247e-01
8.626511464350294922e-01
8.667683668743614289e-01
8.627825643922609755e-01
8.592562846492765027e-01
8.669026233317922436e-01
8.682195281755826777e-01
8.761508289447567099e-01
8.758707916756607315e-01
8.777565091514779594e-01
8.804355263094851836e-01
8.740505608691874206e-01
8.762295585526388431e-01
8.937610583803341502e-01
8.857157926691038297e-01
8.894156644396686850e-01
8.882360528442678760e-01
8.972545940935046094e-01
9.002123492417947181e-01
8.998996653100910237e-01
8.990325913737329255e-01
9.033298302214949338e-01
9.107602656499471649e-01
9.092181589124291863e-01
9.093347451406874615e-01
8.976025862548644429e-01
9.122162325212181955e-01
9.116484924924542765e-01
9.088352895277614918e-01
9.188150328533889466e-01
9.201345910820780682e-01
9.237973461538030451e-01
9.206569916328589676e-01
9.246560097028788672e-01
9.367779256537693833e-01
9.188995861732549564e-01
9.254386888624238638e-01
9.294531179771263751e-01
9.377271508359350527e-01
9.365895036881100033e-01
9.444498303808410711e-01
9.351859426602013858e-01
9.466741765466719638e-01
9.437446029758728150e-01
9.398519874691325660e-01
9.591927020677627480e-01
9.472438838981389608e-01
9.448346449751519049e-01
9.371655923601707183e-01
9.441675353932961201e-01
9.519438000920533716e-01
9.572691803520068099e-01
9.464428381232022902e-01
9.607627436414634126e-01
9.513819882004390660e-01
9.457794320535146682e-01
9.572465816707735886e-01
9.396013543837135051e-01
9.514160674057581257e-01
9.300138055563200723e-01
9.517152304716169908e-01
9.466124887936148147e-01
9.413287798061081846e-01
9.410055815491901177e-01
9.447492210495080922e-01
9.283963656552454147e-01
9.336484194527293612e-01
9.241366060575112451e-01
9.265574083545771167e-01
9.222411102721141951e-01
9.266592031191748235e-01
9.099812563999484238e-01
9.086000052951650474e-01
9.015987706882785391e-01
9.039705706172220800e-01
9.031195427580618329e-01
8.921049834803217449e-01
8.781208892128414822e-01
8.798939933805288716e-01
8.726794293321896712e-01
8.641729694225949165e-01
8.560322593919686973e-01
8.529151895249311721e-01
8.420329362915136562e-01
8.333920287709505326e-01
8.178472866951325138e-01
8.164840450247218273e-01
8.110045444099273082e-01
8.028857736564777303e-01
7.910378588049170601e-01
7.764983503432035805e-01
7.655599068193936763e-01
7.631850701933994285e-01
7.441911798003801870e-01
7.371488025868957461e-01
7.190738751951949448e-01
7.162310583451095836e-01
6.999847655983918449e-01
6.964590424945550362e-01
6.780776068951491764e-01
6.731905186352982184e-01
6.562397828851512793e-01
6.491381517943256574e-01
6.317122696688076688e-01
6.205838965350994885e-01
6.059316570106887401e-01
5.964891517765917861e-01
5.835290070003765761e-01
5.740667706814895910e-01
5.561092665688966985e-01
5.465202515325536803e-01
5.307180798388589915e-01
5.267292477317486732e-01
5.061820373873031631e-01
4.979422651748743878e-01
4.845002775867194300e-01
4.725217146653244438e-01
4.603035403328155639e-01
4.473898295368435307e-01
4.375295301362764344e-01
4.257996765802299910e-01
4.167158962446602111e-01
4.036569271930766090e-01
3.927204435710127117e-01
3.787200800842979165e-01
3.735482338810059977e-01
3.617443001261710922e-01
3.536002729003809852e-01
3.382603745566230002e-01
3.311698270476919337e-01
3.192180741948886791e-01
3.121889679824630948e-01
3.003703496240645032e-01
2.940732617264139037e-01
2.836458386556824363e-01
2.757620592924038827e-01
2.683476128194822730e-01
2.582589690835584428e-01
2.505839508959418205e-01
2.428425383910955693e-01
2.357038845217141465e-01
2.260887465036612864e-01
2.199648392974883349e-01
2.124875504039337171e-01
2.062659340804866848e-01
1.970310407359837646e-01
1.913767679388716225e-01
1.855349575858533939e-01
1.795050478921329795e-01
1.725221220168155767e-01
1.675743687314043828e-01
1.610930990603623991e-01
1.573924447477673960e-01
1.498288977986939330e-01
1.459220424216621792e-01
1.404073067135716002e-01
1.365548026936855008e-01
1.301281568202175276e-01
1.284922074997294772e-01
1.217568473426883235e-01
1.191835068951599269e-01
1.135464886731774869e-01
1.113246108403862927e-01
1.056018299675011290e-01
1.029930981661823369e-01
9.889351294354101207e-02
9.619699469949798132e-02
9.169706166623246835e-02
8.882109680230916571e-02
8.545779384677791579e-02
8.341870224883142504e-02
7.916521902268108812e-02
7.677292240428708336e-02
7.435678535860135163e-02
7.162220665066061642e-02
6.852312477712420302e-02
6.675905852084910996e-02
6.351353837091168464e-02
6.211078073029237256e-02
5.932336117097787576e-02
5.792490852584369909e-02
5.507811981049551969e-02
5.380033197429547748e-02
5.106566224313091595e-02
4.995475626369438177e-02
4.732457284294657590e-02
4.638158357766113127e-02
4.435566686179693435e-02
4.314728853681134429e-02
4.113632942104247792e-02
4.014482226847228274e-02
3.836118247135715531e-02
3.722420142199987791e-02
3.544301798322155306e-02
3.514941137665527487e-02
3.310174069821243681e-02
3.215688857678369178e-02
3.082117220174820926e-02
3.024413907771398777e-02
2.861296869334941165e-02
2.787068425059631427e-02
2.673349033798796265e-02
2.612888700320079721e-02
2.464802092587170187e-02
2.423655362424571164e-02
2.295074879478646232e-02
2.233683277164010342e-02
2.141007346514996537e-02
2.098177270617652967e-02
1.986471614894581850e-02
1.934854918884556380e-02
1.857964574940163677e-02
1.809230554458219481e-02
1.725705001201933986e-02
1.683183197503050621e-02
1.619557381685169523e-02
1.579702628001153006e-02
1.511960560909830081e-02
1.465632784048233675e-02
1.420705745201009465e-02
1.377964392893616871e-02
1.319899235836961317e-02
1.280333202216257620e-02
1.236054520941127187e-02
1.207963232768587830e-02
1.154272734949846752e-02
1.123245430165147572e-02
1.074153631517090618e-02
1.047650528929667049e-02
1.007539726241518489e-02
9.850536916614570718e-03
9.426776239288293599e-03
9.193945846419908363e-03
8.786463877332130121e-03
8.591684425145653531e-03
8.248857543297658662e-03
8.101152702310017786e-03
7.645652282519233012e-03
7.464929706805949194e-03
7.247252698443763796e-03
7.019520796053899461e-03
6.739755832394256005e-03
6.598878826761278224e-03
6.340358780015848718e-03
6.184579757627103359e-03
5.898547654606653250e-03
5.719709911475365574e-03
5.536697963741267492e-03
5.377736693401895945e-03
5.167014965141304705e-03
5.054223395002060623e-03
4.880431574802195603e-03
4.714513280983965299e-03
4.550662967362284483e-03
4.416019676368616691e-03
4.274487428846900257e-03
4.160421925586227539e-03
4.051240334240241610e-03
3.907167346822380295e-03
3.782269080829925214e-03
3.687142872121960176e-03
3.553224746539833216e-03
3.422549577448961468e-03
3.356935917283258158e-03
3.211889337958834419e-03
3.148215952553793870e-03
3.041791631298247471e-03
2.937352958403531729e-03
2.842524303489055420e-03
2.775114120746388548e-03
2.663281332657647937e-03
2.617204095456402042e-03
2.509848131970486909e-03
2.441336168499440209e-03
2.368104707033383011e-03
2.297719521762451537e-03
2.215603562525319311e-03
2.156729665188174532e-03
2.108181322409279600e-03
2.036493392974515239e-03
1.965674934066390794e-03
1.901725145815252828e-03
1.839520371792350900e-03
1.794079428159914280e-03
1.729442550085256948e-03
1.687990941902368491e-03
1.638512465347361077e-03
1.575069576002646743e-03
1.523772466985535371e-03
1.470126390753180665e-03
1.440727074186148697e-03
1.392579468400759494e-03
1.343417393781127026e-03
1.305022966319545731e-03
1.272042103467028052e-03
1.231840831129691650e-03
1.195590180940507433e-03
1.154536283689579701e-03
1.117305835970564985e-03
1.078173841295702136e-03
1.051347484439735724e-03
1.015234896341035958e-03
9.913692560081697157e-04
9.493469803148432999e-04
9.391853626395302084e-04
8.903562499463948780e-04
8.705912844425931635e-04
8.412792831530931017e-04
8.234862068315547141e-04
7.829621241487971480e-04
7.664515678109903082e-04
7.402851515306049356e-04
7.247840530445855611e-04
6.948260823601333123e-04
6.762781304892625080e-04
6.503104055803372993e-04
6.377966330973932393e-04
6.098624623536617276e-04
5.973277311789340583e-04
5.699157278957812413e-04
5.618606000223213973e-04
5.333391863069020591e-04
5.291482705877784305e-04
5.034261944881397461e-04
4.922297149041396369e-04
4.665718612939760701e-04
4.608467444569977825e-04
4.402010794153225532e-04
4.278189819633744940e-04
4.135636148358468782e-04
4.051607206873903029e-04
3.839025067480453658e-04
3.760007458823146575e-04
3.600543542704490825e-04
3.521586146758324621e-04
3.378955200440752972e-04
3.289598774533071491e-04
3.147939211112875651e-04
3.050771249549607731e-04
2.952298398970785239e-04
2.854957273982259387e-04
2.744919479007218617e-04
2.665893612201172586e-04
2.547868378514032300e-04
2.457555879550651218e-04
2.385642091409309747e-04
2.309110278974319897e-04
2.225795933382777186e-04
2.136810678716143238e-04
2.061387838393387024e-04
1.989223065817434760e-04
1.939628992654001251e-04
1.857381511315325437e-04
1.784435838988699546e-04
1.741477523373174019e-04
1.673454052144509468e-04
1.617941525048324010e-04
1.563526690069980032e-04
1.502092132835771039e-04
1.440355783588965404e-04
1.405466961799683209e-04
1.346207293663690947e-04
1.293963958041086375e-04
1.248565587490932025e-04
1.210587993187258918e-04
1.167884729717766872e-04
1.125463610993877666e-04
1.084236905162450152e-04
1.053529472856840478e-04
1.007830172286531292e-04
9.783684351655906771e-05
9.366225642755781591e-05
9.058185333979585805e-05
8.712917206951675559e-05
8.399294783949244516e-05
8.074395010164810886e-05
7.737130920435943821e-05
7.549469803697920393e-05
7.140210493892777829e-05
6.927496632318265999e-05
6.678129318388362050e-05
6.376316646269713454e-05
6.171958311727637151e-05
5.942432676140401901e-05
5.714557548704815489e-05
5.488480708547206782e-05
5.273096833717405454e-05
5.102058336765624068e-05
4.898862315744899494e-05
4.736172646826718462e-05
4.549601748699748588e-05
4.336890320880311400e-05
4.186792784145633976e-05
4.027511671917307360e-05
3.874939229192608022e-05
3.709518398790401689e-05
3.596931186769274297e-05
3.455967164281087894e-05
3.333984626309468929e-05
3.181109143010336075e-05
3.054437236920235806e-05
2.934054369543331360e-05
2.816743083622707972e-05
2.695295535096901092e-05
2.614358139452657405e-05
2.497354452633357915e-05
2.394868731362066844e-05
2.300927083865260793e-05
2.204179654494762720e-05
2.128018863341441991e-05
2.040693353874874973e-05
1.945341365458434573e-05
1.885632993226696948e-05
1.804751698806941838e-05
1.733826117974218337e-05
1.657152601982331191e-05
1.589265662643497376e-05
1.523961316648052885e-05
1.463704416541562701e-05
1.393477169352412249e-05
1.341590503416915841e-05
1.287472457422008896e-05
1.237461795372364680e-05
1.182482786146884799e-05
1.138624858574665180e-05
1.087440114017247870e-05
1.043715710183910802e-05
9.971690530851344260e-06
9.565696763635466951e-06
9.217489584290427864e-06
8.889624175693843340e-06
8.399216705797710978e-06
8.076165804126833768e-06
7.769933430230250093e-06
7.448434971544918774e-06
7.127754888173836161e-06
6.846182730408543069e-06
6.517939522241853209e-06
6.254335393219784241e-06
6.005735745245257027e-06
5.726350659417666635e-06
5.479332512319962021e-06
5.263318199883075597e-06
5.029089271173305898e-06
4.804551396871037014e-06
4.584396081941649248e-06
4.399831262364943196e-06
4.197504660554191220e-06
4.029918556382505812e-06
3.835777022523623543e-06
3.712255598683717044e-06
3.520658845511300130e-06
3.407928852877845956e-06
3.234972865757875191e-06
3.111708331772540254e-06
2.973981396933646395e-06
2.857114928871346685e-06
2.707013070179897368e-06
2.606352927473393763e-06
2.487664572673049565e-06
2.380237922702166825e-06
2.276198499698504524e-06
2.202403110136399760e-06
2.099562139650250430e-06
2.013864520046315279e-06
1.912430385326322090e-06
1.829873767272301683e-06
1.762867835055933176e-06
1.688688118260866790e-06
1.622853039065586571e-06
1.532633641036913808e-06
1.467797312789462386e-06
1.399535237634937728e-06
1.350963955381222076e-06
1.280997345224383157e-06
1.237774791208630952e-06
1.173273448334246491e-06
1.125015924860396357e-06
1.074798684475610648e-06
1.032206120346463591e-06
9.861828804659561316e-07
9.409539775292192956e-07
8.992080212664710439e-07
8.565338430087008531e-07
8.179547097532729358e-07
7.900893202533088799e-07
7.522253212639270231e-07
7.192665954432504266e-07
6.899864351634382745e-07
6.625992533820384952e-07
6.294352989752459887e-07
6.077941826697132648e-07
5.796667577375732523e-07
5.574696149377065051e-07
5.272242425209404705e-07
5.106535478196009240e-07
4.847899358133910397e-07
4.660326690865769765e-07
4.445027039923423506e-07
4.266193972814674876e-07
4.067265706010852727e-07
3.912274538967377029e-07
3.732710462824565722e-07
3.618529758289765537e-07
3.400547326594171518e-07
3.278614906804696133e-07
3.138521610229441359e-07
3.016732740156099624e-07
2.875243814103814080e-07
2.774222957685201058e-07
2.623425938673061925e-07
2.540339182642837331e-07
2.410638741961232130e-07
2.328196548594601963e-07
2.208671434445766287e-07
2.128880650041185565e-07
2.033578060808483134e-07
1.938867852719287131e-07
1.851924347579014909e-07
1.802318106372635118e-07
1.704790040962816416e-07
1.621376275985299341e-07
1.564173180530293769e-07
1.507887239957540282e-07
1.438610875887200242e-07
1.368937191895980231e-07
1.336351011511218358e-07
1.261712431008159062e-07
1.220224520233824546e-07
1.161682846236225906e-07
1.119109029604759149e-07
1.069429782308335840e-07
1.016046257046976683e-07
9.720225934646838373e-08
9.413920242403551785e-08
8.978860905935074691e-08
8.661345434974015724e-08
8.255188532024958171e-08
7.940134319442664328e-08
7.581587618901530516e-08
7.289864924724018933e-08
6.930833206707798261e-08
6.740474870844398347e-08
6.401104801079611518e-08
6.148637099773232864e-08
5.887063604794198010e-08
5.744645043799478947e-08
5.474811080592005607e-08
5.236742733869234648e-08
4.974440814175712090e-08
4.827957319151867479e-08
4.606120367716057556e-08
4.438488718850491638e-08
4.213426815877488802e-08
4.057191729364738132e-08
3.873959257769721286e-08
3.762245276610731639e-08
3.563763505510181330e-08
3.433011120707144073e-08
3.293861498819886669e-08
3.170906981952697015e-08
3.031831137762782557e-08
2.903234340059317960e-08
2.795164831174693397e-08
2.692947969941974423e-08
2.569284074299373905e-08
2.462164881551141089e-08
2.355795077078900915e-08
2.266261512562779302e-08
2.167824394822432592e-08
2.081715741699836731e-08
2.001513549589593618e-08
1.914399784375132814e-08
1.839581549504559560e-08
1.770009609100022087e-08
1.693300856084371784e-08
1.619364566781256322e-08
1.561711495285367011e-08
1.482028402789637588e-08
1.438718652133760196e-08
1.373431670969526895e-08
1.323827974897870143e-08
1.257400173557606159e-08
1.214627370551318320e-08
1.158445052674520696e-08
1.127457422564621043e-08
1.067973442831678462e-08
1.024292942722727699e-08
9.784063228318846330e-09
9.446909744592775266e-09
9.115320520456097622e-09
8.694364772230579481e-09
8.302093586600127919e-09
7.992689692482759135e-09
7.726855856985326708e-09
7.378816813409105387e-09
7.043256620760410773e-09
6.741152224630514878e-09
6.474453311868286026e-09
6.212484516222698664e-09
5.957846726620065332e-09
5.699742541032659462e-09
5.468462069598672101e-09
5.259765042138337318e-09
5.016320786247705985e-09
4.871078527714030917e-09
4.633319703119921153e-09
4.422479481564331687e-09
4.232263888902370393e-09
4.065569010143243268e-09
3.914073018041563170e-09
3.735546541059401522e-09
3.582949527852097424e-09
3.446261619237243758e-09
3.286024187219013035e-09
3.145960487469933754e-09
2.998350598274664896e-09
2.888257514841716411e-09
2.770280147293793135e-09
2.642260783052848701e-09
2.547988036729399371e-09
2.416372225080623937e-09
2.330733068571802467e-09
2.223138321111176738e-09
2.120058647654881960e-09
2.051490573645546850e-09
1.955565616982309912e-09
1.871009804278102930e-09
1.800761404132719581e-09
1.702099048685466132e-09
1.640573428053166973e-09
1.570768899746401526e-09
1.515634227208434892e-09
1.437866312202317945e-09
1.381621109968054506e-09
1.313405195142633560e-09
1.271846854138916829e-09
1.203973625694304850e-09
1.157397327248314262e-09
1.103249427822951240e-09
1.063723416818732907e-09
1.005515525295336854e-09
9.701811506481725328e-10
9.167945764758761274e-10
8.866526324951221422e-10
8.393319532517453573e-10
8.105039680134900320e-10
7.722817671724171521e-10
7.409688326054814476e-10
7.003964681414339095e-10
6.749533025781229788e-10
6.449352303296540122e-10
6.168264860415268755e-10
5.853249626213206480e-10
5.627329213686412127e-10
5.364355211228347737e-10
5.124683491942547192e-10
4.846646436022731847e-10
4.643489378504083658e-10
4.419435624252849880e-10
4.269887075540228272e-10
4.038909022073920200e-10
3.889068951657897183e-10
3.667730920861266320e-10
3.524333979415486278e-10
3.370045409428348181e-10
3.221203066036810934e-10
3.067342775834551964e-10
2.930463353464791232e-10
2.776818463002198367e-10
2.664096774309659606e-10
2.529976038649714425e-10
2.426631035954487104e-10
2.298796622557110319e-10
2.200291134215713198e-10
2.093568622955057237e-10
1.995155429083842594e-10
1.897621921651219986e-10
1.813610605891309043e-10
1.719144210494296931e-10
1.658496311254457928e-10
1.558180984390285257e-10
1.508966225731674750e-10
1.424711330874734207e-10
1.364781122657666417e-10
1.297107924795058498e-10
1.239315432795320114e-10
1.167266996515517456e-10
1.117058284562767583e-10
1.063827434520781531e-10
1.022789343551967573e-10
9.621897430338354107e-11
9.166990531544165139e-11
8.758798451954299614e-11
8.334434384106101301e-11
8.012891399714976058e-11
7.525111304950274144e-11
7.176870326366771932e-11
6.796710211661512768e-11
6.545785044918684680e-11
6.176010313870201010e-11
5.936312249937079205e-11
5.565962947126172372e-11
5.329805871078151739e-11
5.039056854088235020e-11
4.843550316400264908e-11
4.548442584202880447e-11
4.394944540286814908e-11
4.117614292536259182e-11
3.952663828728192311e-11
3.696526734133770581e-11
3.564467209571270817e-11
3.357506363934953970e-11
3.217032230341661045e-11
3.034032050522775845e-11
2.882415623761714873e-11
2.739140296401189258e-11
2.618461511439704822e-11
2.468517499608647360e-11
2.347753339973831726e-11
2.221704038427637197e-11
2.118503331236702763e-11
2.003520150250429753e-11
1.920247284313018090e-11
1.810463045384291313e-11
1.719684763942323615e-11
1.628422414179180421e-11
1.566478869278369491e-11
1.468354986867026158e-11
1.407400618880100561e-11
1.327044823416541085e-11
1.267600041800736967e-11
1.190800930588900763e-11
1.139503440130355292e-11
1.071866382494599383e-11
1.024527379201251843e-11
9.637953380869291210e-12
9.190060013493406482e-12
8.706211116793994477e-12
8.235382840027601839e-12
7.783034321471215882e-12
7.444887824148765469e-12
7.030943439919759658e-12
6.649301217265344942e-12
6.344960028051259729e-12
6.012039653543687079e-12
5.679369815676935933e-12
5.370552433666682842e-12
5.117691989686741728e-12
4.839038977641431409e-12
4.589204611153503959e-12
4.376154014211823198e-12
4.098764588947414629e-12
3.896709467312456788e-12
3.692352571463270531e-12
3.480924710718682271e-12
3.287224136412840083e-12
3.126435027638159793e-12
2.987146101557205893e-12
2.817877227885552236e-12
2.649094048995809491e-12
2.515908571348987461e-12
2.381171689219633980e-12
2.239081805891740544e-12
2.164868806160347597e-12
2.029219018448613987e-12
1.921782182514004034e-12
1.804392080076363935e-12
1.724249074074171152e-12
1.627563249697185295e-12
1.537982100396460717e-12
1.460879221107465033e-12
1.384096674866384308e-12
1.299570398058504425e-12
1.233805386341750579e-12
1.169120119967624239e-12
1.111711943016300719e-12
1.049107273784290273e-12
9.970965067320175552e-13
9.356354960226246749e-13
8.927467435746501765e-13
8.412566235369354618e-13
7.987130068151182988e-13
7.503105489986108037e-13
7.150318061997283469e-13
6.711447455955098387e-13
6.414921151005647002e-13
6.002168010858778268e-13
5.697605228864202367e-13
5.373518451007204903e-13
5.116345561061661119e-13
4.844284190609432535e-13
4.590171107206882019e-13
4.315258305557531247e-13
4.089010681162367374e-13
3.885456004104183331e-13
3.669538609803892681e-13
3.464863391984911664e-13
3.277716491053189646e-13
3.098308892005416332e-13
2.915905083390812017e-13
2.765393761921624395e-13
2.636618315952885898e-13
2.479850057479432539e-13
2.346761819284622146e-13
2.233265337432125215e-13
2.096071192975211471e-13
1.990747273253699009e-13
1.881501857802099882e-13
1.788946820884706226e-13
1.676646443823533193e-13
1.588779324306044777e-13
1.503822220467888450e-13
1.429447854771148242e-13
1.345503491403744520e-13
1.280195939394564312e-13
1.203929379117096965e-13
1.141451733896640189e-13
1.076850674532558652e-13
1.024633125686951369e-13
9.620429184261420304e-14
9.167147547857093273e-14
8.646207251080847431e-14
8.217847129272729937e-14
7.710587415066921160e-14
7.381841966553217918e-14
6.977311791514332661e-14
6.612419710799279397e-14
6.206895922525091266e-14
5.941752382433637005e-14
5.538645771284644989e-14
5.293494300641619200e-14
4.997923861791155093e-14
4.742177327364148849e-14
4.455974436252296351e-14
4.240470624105499045e-14
3.997592042630782300e-14
3.798927689443317115e-14
3.579943579409948151e-14
3.409138138532669525e-14
3.237776649229001251e-14
3.063103850680570846e-14
2.884848710968443122e-14
2.752586060650716318e-14
2.575875559415564086e-14
2.459295338573318308e-14
2.325019736023801619e-14
2.207217472917079578e-14
2.088110223123709209e-14
1.978196519961095741e-14
1.863503790907131070e-14
1.778401957892295863e-14
1.673668855108318616e-14
1.591440922090137133e-14
1.505473319114565422e-14
1.429774332038373555e-14
1.347929178978621026e-14
1.286107941227435347e-14
1.201292149362333605e-14
1.150682187710524409e-14
1.086747622725523137e-14
1.028935661092291070e-14
9.777770172138530417e-15
9.213851873750170671e-15
8.782430319583480799e-15
8.337031735417344682e-15
7.877591597905378646e-15
7.498908256273853897e-15
7.105613477813343905e-15
6.715201308326237233e-15
6.385546560839261647e-15
5.976686303191744998e-15
5.726030327602578759e-15
5.389913819686600704e-15
5.174403515546698737e-15
4.850679146971881212e-15
4.644539779938295667e-15
4.378016410067377348e-15
4.146054008986110664e-15
3.903178697120267100e-15
3.701898207296269167e-15
3.513792247198406090e-15
3.350807738753149452e-15
3.145106800570421106e-15
3.005391167639306030e-15
2.838001805431907693e-15
2.720897513969396763e-15
2.548986246566769183e-15
2.432313758219602457e-15
2.288339288261678489e-15
2.179447451874155238e-15
2.068463427320303268e-15
1.952900176358456945e-15
1.852352054080996214e-15
1.772374489377871182e-15
1.659440059240227937e-15
1.576715776267881980e-15
1.488445258955735539e-15
1.411755528503944723e-15
1.346247670412933935e-15
1.278000829311877331e-15
1.199335435382436131e-15
1.150846908256981379e-15
1.083210876173164893e-15
1.025032472452980105e-15
9.731667520500711983e-16
9.179974229537119673e-16
8.718589150809757134e-16
8.206670699307584407e-16
7.873753472854742432e-16
7.384106042077709463e-16
7.040657174327487225e-16
6.633375236574294399e-16
6.311905521844881847e-16
5.967743465059706106e-16
5.647374036652155534e-16
5.377152381410908479e-16
5.038919218702111593e-16
4.778287657052502691e-16
4.544384020974912531e-16
4.296072866774417561e-16
4.070358183216099403e-16
3.860107558595074887e-16
3.644038651107983828e-16
3.472537720788513546e-16
3.292214671919591697e-16
3.099810792977111191e-16
2.923473653185635681e-16
2.779301807381622733e-16
2.639850624975604750e-16
2.498360156382732361e-16
2.363518425287500834e-16
2.227258139895034332e-16
2.112837577195233426e-16
1.999369680769778009e-16
1.893408943925146574e-16
1.802784521721144271e-16
1.692581036922000475e-16
1.601837073934946020e-16
1.518669540354316647e-16
1.435496018850115651e-16
1.360563561014619056e-16
1.275580124985020605e-16
1.226101116280288158e-16
1.150240093865497484e-16
1.088200724644247994e-16
1.030366481787137298e-16
9.747474454156169927e-17
9.205440094537016532e-17
8.746889676857756914e-17
8.184410381228407185e-17
7.786232965104988974e-17
7.337578862130587545e-17
6.991359796838063225e-17
6.553430658837645261e-17
6.214129930839834510e-17
5.820222370234707769e-17
5.556868481743223089e-17
5.216976918034905586e-17
4.970472348378051473e-17
4.676666150118824838e-17
4.411448071325428614e-17
4.161702389633080602e-17
3.939964847216045740e-17
3.707904951450056785e-17
3.509165245591251646e-17
3.319191203843458528e-17
3.143979951384807178e-17
2.959141290349625977e-17
2.785011278485069357e-17
2.632753634627770086e-17
2.477067374678586517e-17
2.352731404489823614e-17
2.210786433359664417e-17
2.080780514318298457e-17
1.963437614353225587e-17
1.864772517992107326e-17
1.757317168875874436e-17
1.654921077184805308e-17
1.551893179187717670e-17
1.479340371986295838e-17
1.383316111603502067e-17
1.308345064103036636e-17
1.230741870971057265e-17
1.175235141088480919e-17
1.100077982397856479e-17
1.039581687625485259e-17
9.719661523090849533e-18
9.220083356762199339e-18
8.656235908118308492e-18
8.174401289534340477e-18
7.713715284804228724e-18
7.237394524186603325e-18
6.822415865500020589e-18
6.480079915811000463e-18
6.074718783814338791e-18
5.748294258668131300e-18
5.391665196116550024e-18
5.093738864028320109e-18
4.774876117445488385e-18
4.495978358280673358e-18
4.235738830970942503e-18
4.025302703433027962e-18
3.770098723513048999e-18
3.563798417208890283e-18
3.327285451070098622e-18
3.151730499423039624e-18
2.952589512183996078e-18
2.792141160222106809e-18
2.616318770298327661e-18
2.476794564246348381e-18
2.321374855834266822e-18
2.191576212014803583e-18
2.055764929303646937e-18
1.936427311435152380e-18
1.814875704778405860e-18
1.710871391028943305e-18
1.621392849297220268e-18
1.529075652436083248e-18
1.428530828500625810e-18
1.356978276738468124e-18
1.273263273618389410e-18
1.192244527898833531e-18
1.123446542430724547e-18
1.060011605028964141e-18
9.896959175590176319e-19
9.290298504777039788e-19
8.788426055438850437e-19
8.242576684229553205e-19
7.768472749841971024e-19
7.290910294156858999e-19
6.807937264186097901e-19
6.417667698353816658e-19
6.071959518181188378e-19
5.669099213892427087e-19
5.349218940646426715e-19
5.019963515766646064e-19
4.732854759733366445e-19
4.423054158680881307e-19
4.164975299579942399e-19
3.891382389339916509e-19
3.676085120258635088e-19
3.450482068308228142e-19
3.246619242448826263e-19
3.039876090173400151e-19
2.875808084717607913e-19
2.679927052386438489e-19
2.536279862124291114e-19
2.369608285717188769e-19
2.237680040099413147e-19
2.095669163718743020e-19
1.954624670796082105e-19
1.834726778163675427e-19
1.728066527832822204e-19
1.626933712333943301e-19
1.532799582456025656e-19
1.419935559145533977e-19
1.344476940594876824e-19
1.261343421229272325e-19
1.181670160385110708e-19
1.116612425380473802e-19
1.046232023882557994e-19
9.822655248853451647e-20
9.208248168835600736e-20
8.660657569139991822e-20
8.188321506154317550e-20
7.596667787534062335e-20
7.181202188425345357e-20
6.707116128059847919e-20
6.299092345987656717e-20
5.928891227434755891e-20
5.529642251938905955e-20
5.198010905885480340e-20
4.883629351872625436e-20
4.605414184875414774e-20
4.314620219324248361e-20
4.036374482009154494e-20
3.782110713752237266e-20
3.564956480783624988e-20
3.324972007339538989e-20
3.130876125264380723e-20
2.934712270186954764e-20
2.752642692133452289e-20
2.595122077091852320e-20
2.440574079838210649e-20
2.268139410435390488e-20
2.137284190648752108e-20
1.996489298613707771e-20
1.882284411674965579e-20
1.756758012321190054e-20
1.651053097207485024e-20
1.551933700034504468e-20
1.454632929001819229e-20
1.364715866236527207e-20
1.282256870016284625e-20
1.202571024807624605e-20
1.131963614412259344e-20
1.056215031107194712e-20
1.002783716744678661e-20
9.354588738838136504e-21
8.821805046559692110e-21
8.173893839556482545e-21
7.734776183917084443e-21
7.241069178013639312e-21
6.808425678771618570e-21
6.325059068813136711e-21
6.033545737558617384e-21
5.600634405535942054e-21
5.291131421934522197e-21
4.915773585089816955e-21
4.635000840822848656e-21
4.332442458124940519e-21
4.111393558108685438e-21
3.810716740198724105e-21
3.583431176208235059e-21
3.374118037075678801e-21
3.175253569362228241e-21
2.945953283647685668e-21
2.788389839674416092e-21
2.607576279701264483e-21
2.454268675937896237e-21
2.291409960396207989e-21
2.169521130913024013e-21
2.025237576408742339e-21
1.904108222574467545e-21
1.778016928148184459e-21
1.678840327449975073e-21
1.570287977065655160e-21
1.477881438574078219e-21
1.387622430395767905e-21
1.299412360077936903e-21
1.219127402701262172e-21
1.145807143536580822e-21
1.074977891244272425e-21
1.012090439060945221e-21
9.412968695770663452e-22
8.907695448350230881e-22
8.395697914330022212e-22
7.862265989431252633e-22
7.383455351313730003e-22
6.895896233459874082e-22
6.510301051508342906e-22
6.098058746768642686e-22
5.710539408958538543e-22
5.360460692785838118e-22
5.066524818858903133e-22
4.749285610290911071e-22
4.442226579594250380e-22
4.166817793797194720e-22
3.927903579724951932e-22
3.675984276858431061e-22
3.466212341273637119e-22
3.251760467232003411e-22
3.044654476021536846e-22
2.855110692573638993e-22
2.695712924823333458e-22
2.526782050245236925e-22
2.380287290435171713e-22
2.223253570667836113e-22
2.096016893916399953e-22
1.950866875380051335e-22
1.847972811603375176e-22
1.745895615611876327e-22
1.624386351193462578e-22
1.533951271501981719e-22
1.452089011234735852e-22
1.350031900959409738e-22
1.264590671350023381e-22
1.197140645770289058e-22
1.117962075436870226e-22
1.050111516164854202e-22
9.918054792371289257e-23
9.307454095548832309e-23
8.740508279308584963e-23
8.235165638829922824e-23
7.689014434353738040e-23
7.166985178506852400e-23
6.783797052277583982e-23
6.381092905828175957e-23
5.968338752557693453e-23
5.589903134853471649e-23
5.314551075566229895e-23
4.969368500213512119e-23
4.675200276972545326e-23
4.352793772232802659e-23
4.099774187529190564e-23
3.864878926255182263e-23
3.616558017948576906e-23
3.395307399755838715e-23
3.212754621234855572e-23
3.010111672634578958e-23
2.828500737188184113e-23
2.650117582386025803e-23
2.492570089879476538e-23
2.341446061871846928e-23
2.196300766333148592e-23
2.063059251647280432e-23
1.935882644602612208e-23
1.812910715886710659e-23
1.719627502527036885e-23
1.602886441631711598e-23
1.505390228443225107e-23
1.408561723250586928e-23
1.325216145253960293e-23
1.250050372587258549e-23
1.172353224803463288e-23
1.100492604575306091e-23
1.033581273290206876e-23
9.694022963427982593e-24
9.142094084208016002e-24
8.496981077828249267e-24
8.060237580250397659e-24
7.536585775613377732e-24
7.075423543737499501e-24
6.626136129202200194e-24
6.268771285138058417e-24
5.846432406149699727e-24
5.479406191720836428e-24
5.125777060667774215e-24
4.811191586307712499e-24
4.546581256384044284e-24
4.256396772181421963e-24
3.980017509854018677e-24
3.722906387719685897e-24
3.514559350121216279e-24
3.285259111667899422e-24
3.083392423981830927e-24
2.879090808301826710e-24
2.720133146662568343e-24
2.526703463270315247e-24
2.389934058337223095e-24
2.232949371912188395e-24
2.109502912335669649e-24
1.976112804626466701e-24
1.844626053957982402e-24
1.711052886471254387e-24
1.627532379278141044e-24
1.519380475687443731e-24
1.430712325225004062e-24
1.335297044541576477e-24
1.258838370879500188e-24
1.180536894826165055e-24
1.104217082949968428e-24
1.030560043469771453e-24
9.697609397502388508e-25
9.027333379072896827e-25
8.473840449378008312e-25
8.000560565843252463e-25
7.439796524826246895e-25
6.950501210215178239e-25
6.526558634371499233e-25
6.141119624639872365e-25
5.712447774334694731e-25
5.382470980179872356e-25
5.031812229711042429e-25
4.708679237450428861e-25
4.408863355465710404e-25
4.130188499609625266e-25
3.867914931596172335e-25
3.614012808096040352e-25
3.374583986102556175e-25
3.159022889875582680e-25
2.960835586737005733e-25
2.765452904038625551e-25
2.600481917455699930e-25
2.438596103856173361e-25
2.276076905177452542e-25
2.135311289889332439e-25
1.987673800871639735e-25
1.859915837917211334e-25
1.751239916855077595e-25
1.628132382129496776e-25
1.528132543777213330e-25
1.422980087466557705e-25
1.330990342276148885e-25
1.246716495388986419e-25
1.160767557333829029e-25
1.094433309886698635e-25
1.017108559698422875e-25
9.565426080877514987e-26
8.874021675504074711e-26
8.296742044895141780e-26
7.700845735859254269e-26
