1 4.187888e-001
2 5.463196e-001
3 6.651522e-001
4 7.757517e-001
5 8.785829e-001
6 9.741110e-001
7 1.062801e+000
8 1.145117e+000
9 1.221526e+000
10 1.292491e+000
11 1.358478e+000
12 1.419952e+000
13 1.477377e+000
14 1.531219e+000
15 1.581943e+000
16 1.630014e+000
17 1.675896e+000
18 1.720055e+000
19 1.762956e+000
20 1.805063e+000
21 1.846757e+000
22 1.888079e+000
23 1.928983e+000
24 1.969427e+000
25 2.009365e+000
26 2.048753e+000
27 2.087547e+000
28 2.125703e+000
29 2.163177e+000
30 2.199923e+000
31 2.235913e+000
32 2.271174e+000
33 2.305749e+000
34 2.339680e+000
35 2.373010e+000
36 2.405782e+000
37 2.438038e+000
38 2.469821e+000
39 2.501173e+000
40 2.532136e+000
41 2.562747e+000
42 2.593017e+000
43 2.622949e+000
44 2.652548e+000
45 2.681817e+000
46 2.710761e+000
47 2.739384e+000
48 2.767690e+000
49 2.795682e+000
50 2.823366e+000
51 2.850746e+000
52 2.877828e+000
53 2.904622e+000
54 2.931135e+000
55 2.957375e+000
56 2.983349e+000
57 3.009067e+000
58 3.034536e+000
59 3.059764e+000
60 3.084758e+000
61 3.109527e+000
62 3.134074e+000
63 3.158403e+000
64 3.182518e+000
65 3.206423e+000
66 3.230121e+000
67 3.253617e+000
68 3.276912e+000
69 3.300013e+000
70 3.322921e+000
71 3.345641e+000
72 3.368176e+000
73 3.390528e+000
74 3.412701e+000
75 3.434698e+000
76 3.456522e+000
77 3.478175e+000
78 3.499662e+000
79 3.520983e+000
80 3.542144e+000
81 3.563146e+000
82 3.583992e+000
83 3.604684e+000
84 3.625223e+000
85 3.645613e+000
86 3.665855e+000
87 3.685950e+000
88 3.705902e+000
89 3.725712e+000
90 3.745382e+000
91 3.764914e+000
92 3.784311e+000
93 3.803572e+000
94 3.822701e+000
95 3.841698e+000
96 3.860566e+000
97 3.879305e+000
98 3.897918e+000
99 3.916405e+000
100 3.934769e+000
101 3.953011e+000
102 3.971132e+000
103 3.989134e+000
104 4.007018e+000
105 4.024784e+000
106 4.042435e+000
107 4.059970e+000
108 4.077393e+000
109 4.094703e+000
110 4.111902e+000
111 4.128991e+000
112 4.145972e+000
113 4.162844e+000
114 4.179609e+000
115 4.196269e+000
116 4.212823e+000
117 4.229273e+000
118 4.245620e+000
119 4.261865e+000
120 4.278009e+000
121 4.294052e+000
122 4.309996e+000
123 4.325841e+000
124 4.341588e+000
125 4.357238e+000
126 4.372792e+000
127 4.388250e+000
128 4.403613e+000
129 4.418882e+000
130 4.434057e+000
131 4.449140e+000
132 4.464131e+000
133 4.479030e+000
134 4.493839e+000
135 4.508558e+000
136 4.523188e+000
137 4.537728e+000
138 4.552181e+000
139 4.566546e+000
140 4.580824e+000
141 4.595016e+000
142 4.609122e+000
143 4.623143e+000
144 4.637079e+000
145 4.650931e+000
146 4.664700e+000
147 4.678385e+000
148 4.691987e+000
149 4.705508e+000
150 4.718947e+000
151 4.732305e+000
152 4.745582e+000
153 4.758779e+000
154 4.771897e+000
155 4.784935e+000
156 4.797895e+000
157 4.810776e+000
158 4.823579e+000
159 4.836304e+000
160 4.848953e+000
161 4.861525e+000
162 4.874021e+000
163 4.886441e+000
164 4.898786e+000
165 4.911055e+000
166 4.923250e+000
167 4.935370e+000
168 4.947417e+000
169 4.959389e+000
170 4.971289e+000
171 4.983116e+000
172 4.994870e+000
173 5.006552e+000
174 5.018162e+000
175 5.029700e+000
176 5.041167e+000
177 5.052564e+000
178 5.063890e+000
179 5.075145e+000
180 5.086331e+000
181 5.097447e+000
182 5.108494e+000
183 5.119472e+000
184 5.130382e+000
185 5.141222e+000
186 5.151995e+000
187 5.162700e+000
188 5.173337e+000
189 5.183907e+000
190 5.194410e+000
191 5.204846e+000
192 5.215216e+000
193 5.225519e+000
194 5.235756e+000
195 5.245928e+000
196 5.256034e+000
197 5.266075e+000
198 5.276051e+000
199 5.285962e+000
200 5.295809e+000
201 5.305592e+000
202 5.315310e+000
203 5.324965e+000
204 5.334557e+000
205 5.344085e+000
206 5.353550e+000
207 5.362952e+000
208 5.372291e+000
209 5.381568e+000
210 5.390783e+000
211 5.399936e+000
212 5.409027e+000
213 5.418056e+000
214 5.427024e+000
215 5.435931e+000
216 5.444777e+000
217 5.453563e+000
218 5.462287e+000
219 5.470952e+000
220 5.479556e+000
221 5.488100e+000
222 5.496585e+000
223 5.505010e+000
224 5.513376e+000
225 5.521682e+000
226 5.529930e+000
227 5.538119e+000
228 5.546249e+000
229 5.554320e+000
230 5.562334e+000
231 5.570289e+000
232 5.578187e+000
233 5.586027e+000
234 5.593809e+000
235 5.601534e+000
236 5.609202e+000
237 5.616813e+000
238 5.624367e+000
239 5.631864e+000
240 5.639305e+000
241 5.646690e+000
242 5.654018e+000
243 5.661290e+000
244 5.668507e+000
245 5.675668e+000
246 5.682773e+000
247 5.689823e+000
248 5.696818e+000
249 5.703758e+000
250 5.710643e+000
251 5.717473e+000
252 5.724249e+000
253 5.730971e+000
254 5.737638e+000
255 5.744251e+000
256 5.750810e+000
257 5.757315e+000
258 5.763767e+000
259 5.770164e+000
260 5.776509e+000
261 5.782800e+000
262 5.789038e+000
263 5.795224e+000
264 5.801356e+000
265 5.807435e+000
266 5.813463e+000
267 5.819437e+000
268 5.825360e+000
269 5.831230e+000
270 5.837049e+000
271 5.842816e+000
272 5.848531e+000
273 5.854195e+000
274 5.859807e+000
275 5.865368e+000
276 5.870878e+000
277 5.876337e+000
278 5.881746e+000
279 5.887103e+000
280 5.892410e+000
281 5.897667e+000
282 5.902873e+000
283 5.908029e+000
284 5.913135e+000
285 5.918191e+000
286 5.923197e+000
287 5.928154e+000
288 5.933061e+000
289 5.937919e+000
290 5.942727e+000
291 5.947486e+000
292 5.952197e+000
293 5.956858e+000
294 5.961471e+000
295 5.966035e+000
296 5.970550e+000
297 5.975018e+000
298 5.979436e+000
299 5.983807e+000
300 5.988130e+000
301 5.992405e+000
302 5.996632e+000
303 6.000812e+000
304 6.004944e+000
305 6.009028e+000
306 6.013066e+000
307 6.017056e+000
308 6.020999e+000
309 6.024895e+000
310 6.028745e+000
311 6.032548e+000
312 6.036304e+000
313 6.040014e+000
314 6.043678e+000
315 6.047296e+000
316 6.050867e+000
317 6.054393e+000
318 6.057873e+000
319 6.061307e+000
320 6.064695e+000
321 6.068038e+000
322 6.071335e+000
323 6.074588e+000
324 6.077795e+000
325 6.080957e+000
326 6.084074e+000
327 6.087147e+000
328 6.090175e+000
329 6.093158e+000
330 6.096097e+000
331 6.098992e+000
332 6.101842e+000
333 6.104649e+000
334 6.107412e+000
335 6.110131e+000
336 6.112806e+000
337 6.115438e+000
338 6.118026e+000
339 6.120571e+000
340 6.123073e+000
341 6.125532e+000
342 6.127948e+000
343 6.130321e+000
344 6.132651e+000
345 6.134938e+000
346 6.137183e+000
347 6.139386e+000
348 6.141547e+000
349 6.143665e+000
350 6.145741e+000
351 6.147775e+000
352 6.149768e+000
353 6.151718e+000
354 6.153627e+000
355 6.155495e+000
356 6.157321e+000
357 6.159106e+000
358 6.160850e+000
359 6.162552e+000
360 6.164214e+000
361 6.165835e+000
362 6.167415e+000
363 6.168955e+000
364 6.170454e+000
365 6.171912e+000
366 6.173331e+000
367 6.174709e+000
368 6.176047e+000
369 6.177346e+000
370 6.178604e+000
371 6.179823e+000
372 6.181002e+000
373 6.182142e+000
374 6.183242e+000
375 6.184303e+000
376 6.185325e+000
377 6.186308e+000
378 6.187252e+000
379 6.188157e+000
380 6.189024e+000
381 6.189852e+000
382 6.190641e+000
383 6.191393e+000
384 6.192105e+000
385 6.192780e+000
386 6.193417e+000
387 6.194015e+000
388 6.194576e+000
389 6.195099e+000
390 6.195585e+000
391 6.196033e+000
392 6.196444e+000
393 6.196817e+000
394 6.197153e+000
395 6.197452e+000
396 6.197715e+000
397 6.197940e+000
398 6.198129e+000
399 6.198281e+000
400 6.198397e+000
401 6.198476e+000
402 6.198520e+000
403 6.198527e+000
404 6.198498e+000
405 6.198433e+000
406 6.198333e+000
407 6.198197e+000
408 6.198025e+000
409 6.197818e+000
410 6.197576e+000
411 6.197299e+000
412 6.196986e+000
413 6.196639e+000
414 6.196257e+000
415 6.195840e+000
416 6.195388e+000
417 6.194902e+000
418 6.194382e+000
419 6.193827e+000
420 6.193238e+000
421 6.192615e+000
422 6.191958e+000
423 6.191267e+000
424 6.190542e+000
425 6.189784e+000
426 6.188992e+000
427 6.188167e+000
428 6.187308e+000
429 6.186417e+000
430 6.185492e+000
431 6.184534e+000
432 6.183544e+000
433 6.182521e+000
434 6.181465e+000
435 6.180377e+000
436 6.179256e+000
437 6.178103e+000
438 6.176918e+000
439 6.175700e+000
440 6.174451e+000
441 6.173170e+000
442 6.171857e+000
443 6.170512e+000
444 6.169136e+000
445 6.167728e+000
446 6.166290e+000
447 6.164819e+000
448 6.163318e+000
449 6.161786e+000
450 6.160223e+000
451 6.158629e+000
452 6.157005e+000
453 6.155350e+000
454 6.153664e+000
455 6.151949e+000
456 6.150203e+000
457 6.148427e+000
458 6.146621e+000
459 6.144785e+000
460 6.142919e+000
461 6.141024e+000
462 6.139099e+000
463 6.137144e+000
464 6.135160e+000
465 6.133147e+000
466 6.131105e+000
467 6.129034e+000
468 6.126934e+000
469 6.124805e+000
470 6.122648e+000
471 6.120462e+000
472 6.118248e+000
473 6.116005e+000
474 6.113735e+000
475 6.111436e+000
476 6.109109e+000
477 6.106755e+000
478 6.104373e+000
479 6.101963e+000
480 6.099526e+000
481 6.097062e+000
482 6.094570e+000
483 6.092051e+000
484 6.089505e+000
485 6.086932e+000
486 6.084333e+000
487 6.081706e+000
488 6.079053e+000
489 6.076374e+000
490 6.073668e+000
491 6.070936e+000
492 6.068178e+000
493 6.065393e+000
494 6.062583e+000
495 6.059747e+000
496 6.056885e+000
497 6.053997e+000
498 6.051084e+000
499 6.048146e+000
500 6.045182e+000
501 6.042193e+000
502 6.039179e+000
503 6.036140e+000
504 6.033076e+000
505 6.029988e+000
506 6.026875e+000
507 6.023737e+000
508 6.020575e+000
509 6.017389e+000
510 6.014178e+000
511 6.010943e+000
512 6.007685e+000
513 6.004402e+000
514 6.001096e+000
515 5.997766e+000
516 5.994412e+000
517 5.991035e+000
518 5.987635e+000
519 5.984212e+000
520 5.980765e+000
521 5.977295e+000
522 5.973803e+000
523 5.970287e+000
524 5.966749e+000
525 5.963189e+000
526 5.959606e+000
527 5.956000e+000
528 5.952373e+000
529 5.948723e+000
530 5.945051e+000
531 5.941357e+000
532 5.937642e+000
533 5.933905e+000
534 5.930146e+000
535 5.926366e+000
536 5.922564e+000
537 5.918741e+000
538 5.914897e+000
539 5.911032e+000
540 5.907146e+000
541 5.903239e+000
542 5.899311e+000
543 5.895363e+000
544 5.891394e+000
545 5.887405e+000
546 5.883396e+000
547 5.879366e+000
548 5.875316e+000
549 5.871247e+000
550 5.867157e+000
551 5.863048e+000
552 5.858919e+000
553 5.854770e+000
554 5.850602e+000
555 5.846414e+000
556 5.842208e+000
557 5.837982e+000
558 5.833737e+000
559 5.829473e+000
560 5.825190e+000
561 5.820888e+000
562 5.816568e+000
563 5.812229e+000
564 5.807872e+000
565 5.803496e+000
566 5.799102e+000
567 5.794690e+000
568 5.790259e+000
569 5.785811e+000
570 5.781345e+000
571 5.776861e+000
572 5.772360e+000
573 5.767841e+000
574 5.763305e+000
575 5.758751e+000
576 5.754180e+000
577 5.749592e+000
578 5.744987e+000
579 5.740365e+000
580 5.735726e+000
581 5.731070e+000
582 5.726398e+000
583 5.721710e+000
584 5.717005e+000
585 5.712283e+000
586 5.707546e+000
587 5.702792e+000
588 5.698023e+000
589 5.693237e+000
590 5.688436e+000
591 5.683619e+000
592 5.678787e+000
593 5.673939e+000
594 5.669076e+000
595 5.664198e+000
596 5.659304e+000
597 5.654396e+000
598 5.649472e+000
599 5.644534e+000
600 5.639581e+000
601 5.634613e+000
602 5.629631e+000
603 5.624634e+000
604 5.619623e+000
605 5.614598e+000
606 5.609558e+000
607 5.604505e+000
608 5.599437e+000
609 5.594355e+000
610 5.589260e+000
611 5.584151e+000
612 5.579028e+000
613 5.573892e+000
614 5.568742e+000
615 5.563579e+000
616 5.558402e+000
617 5.553213e+000
618 5.548010e+000
619 5.542794e+000
620 5.537566e+000
621 5.532325e+000
622 5.527071e+000
623 5.521804e+000
624 5.516525e+000
625 5.511234e+000
626 5.505930e+000
627 5.500614e+000
628 5.495286e+000
629 5.489946e+000
630 5.484594e+000
631 5.479230e+000
632 5.473854e+000
633 5.468467e+000
634 5.463068e+000
635 5.457658e+000
636 5.452236e+000
637 5.446803e+000
638 5.441359e+000
639 5.435904e+000
640 5.430438e+000
641 5.424961e+000
642 5.419473e+000
643 5.413975e+000
644 5.408466e+000
645 5.402946e+000
646 5.397416e+000
647 5.391876e+000
648 5.386325e+000
649 5.380764e+000
650 5.375193e+000
651 5.369612e+000
652 5.364021e+000
653 5.358420e+000
654 5.352809e+000
655 5.347189e+000
656 5.341559e+000
657 5.335920e+000
658 5.330271e+000
659 5.324613e+000
660 5.318946e+000
661 5.313270e+000
662 5.307584e+000
663 5.301890e+000
664 5.296187e+000
665 5.290475e+000
666 5.284754e+000
667 5.279025e+000
668 5.273287e+000
669 5.267541e+000
670 5.261786e+000
671 5.256023e+000
672 5.250252e+000
673 5.244472e+000
674 5.238684e+000
675 5.232889e+000
676 5.227085e+000
677 5.221274e+000
678 5.215455e+000
679 5.209629e+000
680 5.203795e+000
681 5.197954e+000
682 5.192105e+000
683 5.186249e+000
684 5.180386e+000
685 5.174516e+000
686 5.168639e+000
687 5.162754e+000
688 5.156863e+000
689 5.150966e+000
690 5.145061e+000
691 5.139150e+000
692 5.133232e+000
693 5.127308e+000
694 5.121377e+000
695 5.115440e+000
696 5.109497e+000
697 5.103547e+000
698 5.097592e+000
699 5.091630e+000
700 5.085663e+000
701 5.079690e+000
702 5.073711e+000
703 5.067726e+000
704 5.061735e+000
705 5.055739e+000
706 5.049738e+000
707 5.043731e+000
708 5.037718e+000
709 5.031701e+000
710 5.025678e+000
711 5.019650e+000
712 5.013617e+000
713 5.007579e+000
714 5.001536e+000
715 4.995488e+000
716 4.989435e+000
717 4.983378e+000
718 4.977316e+000
719 4.971249e+000
720 4.965178e+000
721 4.959102e+000
722 4.953022e+000
723 4.946938e+000
724 4.940849e+000
725 4.934757e+000
726 4.928660e+000
727 4.922559e+000
728 4.916455e+000
729 4.910346e+000
730 4.904234e+000
731 4.898118e+000
732 4.891999e+000
733 4.885876e+000
734 4.879750e+000
735 4.873620e+000
736 4.867487e+000
737 4.861351e+000
738 4.855212e+000
739 4.849069e+000
740 4.842924e+000
741 4.836776e+000
742 4.830624e+000
743 4.824470e+000
744 4.818313e+000
745 4.812153e+000
746 4.805991e+000
747 4.799826e+000
748 4.793658e+000
749 4.787488e+000
750 4.781315e+000
751 4.775140e+000
752 4.768963e+000
753 4.762783e+000
754 4.756601e+000
755 4.750417e+000
756 4.744231e+000
757 4.738042e+000
758 4.731852e+000
759 4.725660e+000
760 4.719466e+000
761 4.713270e+000
762 4.707073e+000
763 4.700873e+000
764 4.694672e+000
765 4.688470e+000
766 4.682266e+000
767 4.676061e+000
768 4.669855e+000
769 4.663647e+000
770 4.657438e+000
771 4.651228e+000
772 4.645017e+000
773 4.638805e+000
774 4.632592e+000
775 4.626378e+000
776 4.620164e+000
777 4.613948e+000
778 4.607732e+000
779 4.601515e+000
780 4.595298e+000
781 4.589080e+000
782 4.582861e+000
783 4.576642e+000
784 4.570423e+000
785 4.564203e+000
786 4.557983e+000
787 4.551763e+000
788 4.545542e+000
789 4.539322e+000
790 4.533101e+000
791 4.526880e+000
792 4.520659e+000
793 4.514439e+000
794 4.508218e+000
795 4.501998e+000
796 4.495778e+000
797 4.489558e+000
798 4.483338e+000
799 4.477119e+000
800 4.470900e+000
801 4.464682e+000
802 4.458464e+000
803 4.452247e+000
804 4.446030e+000
805 4.439814e+000
806 4.433599e+000
807 4.427384e+000
808 4.421171e+000
809 4.414958e+000
810 4.408746e+000
811 4.402535e+000
812 4.396325e+000
813 4.390116e+000
814 4.383908e+000
815 4.377701e+000
816 4.371496e+000
817 4.365291e+000
818 4.359088e+000
819 4.352886e+000
820 4.346686e+000
821 4.340487e+000
822 4.334290e+000
823 4.328094e+000
824 4.321899e+000
825 4.315707e+000
826 4.309515e+000
827 4.303326e+000
828 4.297138e+000
829 4.290952e+000
830 4.284768e+000
831 4.278586e+000
832 4.272405e+000
833 4.266226e+000
834 4.260050e+000
835 4.253875e+000
836 4.247702e+000
837 4.241531e+000
838 4.235363e+000
839 4.229196e+000
840 4.223032e+000
841 4.216870e+000
842 4.210710e+000
843 4.204553e+000
844 4.198397e+000
845 4.192244e+000
846 4.186094e+000
847 4.179946e+000
848 4.173800e+000
849 4.167657e+000
850 4.161517e+000
851 4.155379e+000
852 4.149244e+000
853 4.143112e+000
854 4.136982e+000
855 4.130855e+000
856 4.124731e+000
857 4.118609e+000
858 4.112491e+000
859 4.106375e+000
860 4.100263e+000
861 4.094154e+000
862 4.088047e+000
863 4.081944e+000
864 4.075844e+000
865 4.069747e+000
866 4.063653e+000
867 4.057562e+000
868 4.051474e+000
869 4.045390e+000
870 4.039309e+000
871 4.033231e+000
872 4.027157e+000
873 4.021085e+000
874 4.015018e+000
875 4.008953e+000
876 4.002892e+000
877 3.996834e+000
878 3.990780e+000
879 3.984729e+000
880 3.978682e+000
881 3.972638e+000
882 3.966598e+000
883 3.960561e+000
884 3.954528e+000
885 3.948499e+000
886 3.942473e+000
887 3.936451e+000
888 3.930433e+000
889 3.924418e+000
890 3.918407e+000
891 3.912400e+000
892 3.906396e+000
893 3.900397e+000
894 3.894401e+000
895 3.888409e+000
896 3.882421e+000
897 3.876437e+000
898 3.870457e+000
899 3.864481e+000
900 3.858509e+000
901 3.852541e+000
902 3.846577e+000
903 3.840617e+000
904 3.834661e+000
905 3.828709e+000
906 3.822762e+000
907 3.816818e+000
908 3.810879e+000
909 3.804944e+000
910 3.799013e+000
911 3.793086e+000
912 3.787164e+000
913 3.781245e+000
914 3.775331e+000
915 3.769422e+000
916 3.763516e+000
917 3.757615e+000
918 3.751718e+000
919 3.745826e+000
920 3.739938e+000
921 3.734054e+000
922 3.728175e+000
923 3.722301e+000
924 3.716430e+000
925 3.710564e+000
926 3.704703e+000
927 3.698846e+000
928 3.692994e+000
929 3.687146e+000
930 3.681303e+000
931 3.675464e+000
932 3.669630e+000
933 3.663801e+000
934 3.657976e+000
935 3.652156e+000
936 3.646340e+000
937 3.640529e+000
938 3.634723e+000
939 3.628921e+000
940 3.623124e+000
941 3.617332e+000
942 3.611544e+000
943 3.605761e+000
944 3.599983e+000
945 3.594210e+000
946 3.588442e+000
947 3.582678e+000
948 3.576919e+000
949 3.571164e+000
950 3.565415e+000
951 3.559670e+000
952 3.553930e+000
953 3.548195e+000
954 3.542465e+000
955 3.536740e+000
956 3.531019e+000
957 3.525303e+000
958 3.519592e+000
959 3.513885e+000
960 3.508184e+000
961 3.502487e+000
962 3.496795e+000
963 3.491108e+000
964 3.485426e+000
965 3.479749e+000
966 3.474077e+000
967 3.468409e+000
968 3.462746e+000
969 3.457089e+000
970 3.451436e+000
971 3.445788e+000
972 3.440145e+000
973 3.434508e+000
974 3.428875e+000
975 3.423247e+000
976 3.417624e+000
977 3.412006e+000
978 3.406393e+000
979 3.400786e+000
980 3.395183e+000
981 3.389585e+000
982 3.383993e+000
983 3.378405e+000
984 3.372823e+000
985 3.367246e+000
986 3.361673e+000
987 3.356106e+000
988 3.350544e+000
989 3.344987e+000
990 3.339435e+000
991 3.333888e+000
992 3.328346e+000
993 3.322810e+000
994 3.317278e+000
995 3.311752e+000
996 3.306230e+000
997 3.300714e+000
998 3.295203e+000
999 3.289697e+000
1000 3.284196e+000
