1 1.270931e-007
2 1.416756e-007
3 3.067965e-007
4 6.312502e-007
5 1.123831e-006
6 1.793334e-006
7 2.648552e-006
8 3.698281e-006
9 4.951315e-006
10 6.416448e-006
11 8.102475e-006
12 1.001819e-005
13 1.217239e-005
14 1.457386e-005
15 1.723141e-005
16 2.015382e-005
17 2.334989e-005
18 2.682841e-005
19 3.059819e-005
20 3.466801e-005
21 3.904666e-005
22 4.374295e-005
23 4.876519e-005
24 5.411981e-005
25 5.981277e-005
26 6.585002e-005
27 7.223752e-005
28 7.898121e-005
29 8.608706e-005
30 9.356103e-005
31 1.014091e-004
32 1.096371e-004
33 1.182510e-004
34 1.272560e-004
35 1.366572e-004
36 1.464597e-004
37 1.566688e-004
38 1.672894e-004
39 1.783267e-004
40 1.897859e-004
41 2.016721e-004
42 2.139903e-004
43 2.267456e-004
44 2.399423e-004
45 2.535847e-004
46 2.676769e-004
47 2.822232e-004
48 2.972277e-004
49 3.126947e-004
50 3.286283e-004
51 3.450329e-004
52 3.619125e-004
53 3.792713e-004
54 3.971130e-004
55 4.154410e-004
56 4.342589e-004
57 4.535703e-004
58 4.733786e-004
59 4.936874e-004
60 5.145003e-004
61 5.358207e-004
62 5.576523e-004
63 5.799984e-004
64 6.028621e-004
65 6.262462e-004
66 6.501538e-004
67 6.745877e-004
68 6.995509e-004
69 7.250462e-004
70 7.510766e-004
71 7.776450e-004
72 8.047544e-004
73 8.324075e-004
74 8.606069e-004
75 8.893548e-004
76 9.186537e-004
77 9.485059e-004
78 9.789137e-004
79 1.009880e-003
80 1.041406e-003
81 1.073495e-003
82 1.106149e-003
83 1.139371e-003
84 1.173161e-003
85 1.207523e-003
86 1.242458e-003
87 1.277968e-003
88 1.314055e-003
89 1.350720e-003
90 1.387965e-003
91 1.425793e-003
92 1.464205e-003
93 1.503203e-003
94 1.542788e-003
95 1.582961e-003
96 1.623725e-003
97 1.665080e-003
98 1.707027e-003
99 1.749569e-003
100 1.792706e-003
101 1.836439e-003
102 1.880771e-003
103 1.925702e-003
104 1.971233e-003
105 2.017365e-003
106 2.064099e-003
107 2.111436e-003
108 2.159377e-003
109 2.207922e-003
110 2.257073e-003
111 2.306830e-003
112 2.357194e-003
113 2.408166e-003
114 2.459746e-003
115 2.511936e-003
116 2.564734e-003
117 2.618142e-003
118 2.672160e-003
119 2.726789e-003
120 2.782028e-003
121 2.837879e-003
122 2.894341e-003
123 2.951415e-003
124 3.009101e-003
125 3.067399e-003
126 3.126309e-003
127 3.185830e-003
128 3.245964e-003
129 3.306709e-003
130 3.368065e-003
131 3.430033e-003
132 3.492613e-003
133 3.555804e-003
134 3.619606e-003
135 3.684018e-003
136 3.749041e-003
137 3.814673e-003
138 3.880913e-003
139 3.947763e-003
140 4.015220e-003
141 4.083284e-003
142 4.151956e-003
143 4.221234e-003
144 4.291117e-003
145 4.361605e-003
146 4.432697e-003
147 4.504391e-003
148 4.576687e-003
149 4.649584e-003
150 4.723081e-003
151 4.797176e-003
152 4.871870e-003
153 4.947160e-003
154 5.023047e-003
155 5.099527e-003
156 5.176600e-003
157 5.254265e-003
158 5.332521e-003
159 5.411365e-003
160 5.490797e-003
161 5.570814e-003
162 5.651417e-003
163 5.732603e-003
164 5.814371e-003
165 5.896718e-003
166 5.979644e-003
167 6.063146e-003
168 6.147223e-003
169 6.231872e-003
170 6.317092e-003
171 6.402881e-003
172 6.489238e-003
173 6.576160e-003
174 6.663646e-003
175 6.751693e-003
176 6.840298e-003
177 6.929461e-003
178 7.019178e-003
179 7.109448e-003
180 7.200268e-003
181 7.291637e-003
182 7.383551e-003
183 7.476009e-003
184 7.569008e-003
185 7.662546e-003
186 7.756620e-003
187 7.851227e-003
188 7.946365e-003
189 8.042031e-003
190 8.138223e-003
191 8.234938e-003
192 8.332173e-003
193 8.429926e-003
194 8.528194e-003
195 8.626974e-003
196 8.726263e-003
197 8.826058e-003
198 8.926356e-003
199 9.027154e-003
200 9.128449e-003
201 9.230238e-003
202 9.332519e-003
203 9.435288e-003
204 9.538541e-003
205 9.642276e-003
206 9.746489e-003
207 9.851177e-003
208 9.956337e-003
209 1.006196e-002
210 1.016806e-002
211 1.027461e-002
212 1.038162e-002
213 1.048909e-002
214 1.059700e-002
215 1.070537e-002
216 1.081417e-002
217 1.092342e-002
218 1.103310e-002
219 1.114322e-002
220 1.125376e-002
221 1.136473e-002
222 1.147612e-002
223 1.158793e-002
224 1.170015e-002
225 1.181278e-002
226 1.192582e-002
227 1.203925e-002
228 1.215309e-002
229 1.226732e-002
230 1.238193e-002
231 1.249694e-002
232 1.261232e-002
233 1.272808e-002
234 1.284421e-002
235 1.296071e-002
236 1.307758e-002
237 1.319481e-002
238 1.331239e-002
239 1.343032e-002
240 1.354859e-002
241 1.366721e-002
242 1.378617e-002
243 1.390546e-002
244 1.402508e-002
245 1.414502e-002
246 1.426528e-002
247 1.438586e-002
248 1.450675e-002
249 1.462794e-002
250 1.474943e-002
251 1.487121e-002
252 1.499329e-002
253 1.511565e-002
254 1.523829e-002
255 1.536121e-002
256 1.548440e-002
257 1.560786e-002
258 1.573157e-002
259 1.585555e-002
260 1.597977e-002
261 1.610424e-002
262 1.622895e-002
263 1.635390e-002
264 1.647908e-002
265 1.660448e-002
266 1.673010e-002
267 1.685594e-002
268 1.698199e-002
269 1.710825e-002
270 1.723470e-002
271 1.736135e-002
272 1.748818e-002
273 1.761520e-002
274 1.774239e-002
275 1.786976e-002
276 1.799729e-002
277 1.812498e-002
278 1.825283e-002
279 1.838083e-002
280 1.850897e-002
281 1.863726e-002
282 1.876567e-002
283 1.889421e-002
284 1.902288e-002
285 1.915166e-002
286 1.928055e-002
287 1.940954e-002
288 1.953864e-002
289 1.966782e-002
290 1.979710e-002
291 1.992645e-002
292 2.005588e-002
293 2.018538e-002
294 2.031494e-002
295 2.044456e-002
296 2.057424e-002
297 2.070395e-002
298 2.083371e-002
299 2.096350e-002
300 2.109332e-002
301 2.122316e-002
302 2.135302e-002
303 2.148289e-002
304 2.161275e-002
305 2.174262e-002
306 2.187248e-002
307 2.200232e-002
308 2.213214e-002
309 2.226193e-002
310 2.239169e-002
311 2.252141e-002
312 2.265108e-002
313 2.278070e-002
314 2.291026e-002
315 2.303975e-002
316 2.316918e-002
317 2.329852e-002
318 2.342778e-002
319 2.355695e-002
320 2.368602e-002
321 2.381498e-002
322 2.394384e-002
323 2.407258e-002
324 2.420120e-002
325 2.432968e-002
326 2.445803e-002
327 2.458624e-002
328 2.471429e-002
329 2.484220e-002
330 2.496994e-002
331 2.509751e-002
332 2.522490e-002
333 2.535211e-002
334 2.547914e-002
335 2.560597e-002
336 2.573259e-002
337 2.585901e-002
338 2.598521e-002
339 2.611119e-002
340 2.623694e-002
341 2.636246e-002
342 2.648773e-002
343 2.661275e-002
344 2.673752e-002
345 2.686202e-002
346 2.698626e-002
347 2.711022e-002
348 2.723389e-002
349 2.735728e-002
350 2.748036e-002
351 2.760315e-002
352 2.772562e-002
353 2.784778e-002
354 2.796961e-002
355 2.809111e-002
356 2.821227e-002
357 2.833309e-002
358 2.845355e-002
359 2.857366e-002
360 2.869340e-002
361 2.881277e-002
362 2.893176e-002
363 2.905036e-002
364 2.916857e-002
365 2.928638e-002
366 2.940379e-002
367 2.952077e-002
368 2.963734e-002
369 2.975348e-002
370 2.986919e-002
371 2.998445e-002
372 3.009927e-002
373 3.021363e-002
374 3.032753e-002
375 3.044096e-002
376 3.055391e-002
377 3.066638e-002
378 3.077836e-002
379 3.088984e-002
380 3.100082e-002
381 3.111128e-002
382 3.122123e-002
383 3.133065e-002
384 3.143954e-002
385 3.154789e-002
386 3.165569e-002
387 3.176294e-002
388 3.186963e-002
389 3.197575e-002
390 3.208130e-002
391 3.218626e-002
392 3.229064e-002
393 3.239442e-002
394 3.249760e-002
395 3.260017e-002
396 3.270212e-002
397 3.280345e-002
398 3.290415e-002
399 3.300421e-002
400 3.310363e-002
401 3.320239e-002
402 3.330050e-002
403 3.339794e-002
404 3.349471e-002
405 3.359080e-002
406 3.368620e-002
407 3.378091e-002
408 3.387492e-002
409 3.396822e-002
410 3.406081e-002
411 3.415268e-002
412 3.424382e-002
413 3.433422e-002
414 3.442389e-002
415 3.451280e-002
416 3.460096e-002
417 3.468836e-002
418 3.477498e-002
419 3.486084e-002
420 3.494591e-002
421 3.503019e-002
422 3.511367e-002
423 3.519635e-002
424 3.527822e-002
425 3.535928e-002
426 3.543951e-002
427 3.551891e-002
428 3.559747e-002
429 3.567519e-002
430 3.575206e-002
431 3.582807e-002
432 3.590321e-002
433 3.597748e-002
434 3.605088e-002
435 3.612339e-002
436 3.619501e-002
437 3.626573e-002
438 3.633554e-002
439 3.640445e-002
440 3.647243e-002
441 3.653949e-002
442 3.660562e-002
443 3.667081e-002
444 3.673506e-002
445 3.679835e-002
446 3.686069e-002
447 3.692206e-002
448 3.698246e-002
449 3.704189e-002
450 3.710033e-002
451 3.715778e-002
452 3.721423e-002
453 3.726968e-002
454 3.732412e-002
455 3.737754e-002
456 3.742994e-002
457 3.748132e-002
458 3.753165e-002
459 3.758095e-002
460 3.762920e-002
461 3.767639e-002
462 3.772252e-002
463 3.776758e-002
464 3.781158e-002
465 3.785449e-002
466 3.789631e-002
467 3.793705e-002
468 3.797668e-002
469 3.801521e-002
470 3.805264e-002
471 3.808894e-002
472 3.812412e-002
473 3.815817e-002
474 3.819109e-002
475 3.822286e-002
476 3.825349e-002
477 3.828297e-002
478 3.831128e-002
479 3.833843e-002
480 3.836442e-002
481 3.838922e-002
482 3.841284e-002
483 3.843527e-002
484 3.845651e-002
485 3.847655e-002
486 3.849538e-002
487 3.851300e-002
488 3.852940e-002
489 3.854458e-002
490 3.855853e-002
491 3.857125e-002
492 3.858272e-002
493 3.859295e-002
494 3.860192e-002
495 3.860964e-002
496 3.861610e-002
497 3.862128e-002
498 3.862520e-002
499 3.862783e-002
500 3.862918e-002
501 3.862924e-002
502 3.862800e-002
503 3.862546e-002
504 3.862162e-002
505 3.861646e-002
506 3.860999e-002
507 3.860220e-002
508 3.859307e-002
509 3.858262e-002
510 3.857083e-002
511 3.855770e-002
512 3.854322e-002
513 3.852739e-002
514 3.851020e-002
515 3.849165e-002
516 3.847173e-002
517 3.845044e-002
518 3.842777e-002
519 3.840372e-002
520 3.837829e-002
521 3.835146e-002
522 3.832324e-002
523 3.829362e-002
524 3.826259e-002
525 3.823015e-002
526 3.819630e-002
527 3.816103e-002
528 3.812433e-002
529 3.808621e-002
530 3.804665e-002
531 3.800565e-002
532 3.796321e-002
533 3.791932e-002
534 3.787398e-002
535 3.782718e-002
536 3.777892e-002
537 3.772920e-002
538 3.767801e-002
539 3.762535e-002
540 3.757121e-002
541 3.751559e-002
542 3.745849e-002
543 3.739990e-002
544 3.733981e-002
545 3.727823e-002
546 3.721515e-002
547 3.715057e-002
548 3.708448e-002
549 3.701687e-002
550 3.694775e-002
551 3.687711e-002
552 3.680495e-002
553 3.673126e-002
554 3.665604e-002
555 3.657928e-002
556 3.650098e-002
557 3.642115e-002
558 3.633976e-002
559 3.625683e-002
560 3.617235e-002
561 3.608631e-002
562 3.599871e-002
563 3.590955e-002
564 3.581882e-002
565 3.572652e-002
566 3.563265e-002
567 3.553721e-002
568 3.544019e-002
569 3.534158e-002
570 3.524139e-002
571 3.513962e-002
572 3.503625e-002
573 3.493129e-002
574 3.482473e-002
575 3.471658e-002
576 3.460682e-002
577 3.449546e-002
578 3.438249e-002
579 3.426791e-002
580 3.415172e-002
581 3.403391e-002
582 3.391449e-002
583 3.379345e-002
584 3.367078e-002
585 3.354648e-002
586 3.342056e-002
587 3.329301e-002
588 3.316383e-002
589 3.303302e-002
590 3.290056e-002
591 3.276647e-002
592 3.263074e-002
593 3.249337e-002
594 3.235435e-002
595 3.221368e-002
596 3.207136e-002
597 3.192740e-002
598 3.178178e-002
599 3.163451e-002
600 3.148558e-002
601 3.133500e-002
602 3.118275e-002
603 3.102884e-002
604 3.087327e-002
605 3.071604e-002
606 3.055714e-002
607 3.039658e-002
608 3.023434e-002
609 3.007044e-002
610 2.990486e-002
611 2.973762e-002
612 2.956870e-002
613 2.939811e-002
614 2.922584e-002
615 2.905189e-002
616 2.887627e-002
617 2.869897e-002
618 2.851999e-002
619 2.833933e-002
620 2.815698e-002
621 2.797296e-002
622 2.778725e-002
623 2.759986e-002
624 2.741078e-002
625 2.722002e-002
626 2.702757e-002
627 2.683344e-002
628 2.663762e-002
629 2.644011e-002
630 2.624091e-002
631 2.604002e-002
632 2.583745e-002
633 2.563319e-002
634 2.542723e-002
635 2.521959e-002
636 2.501026e-002
637 2.479923e-002
638 2.458652e-002
639 2.437212e-002
640 2.415603e-002
641 2.393825e-002
642 2.371878e-002
643 2.349762e-002
644 2.327478e-002
645 2.305024e-002
646 2.282402e-002
647 2.259611e-002
648 2.236652e-002
649 2.213524e-002
650 2.190227e-002
651 2.166762e-002
652 2.143129e-002
653 2.119327e-002
654 2.095357e-002
655 2.071219e-002
656 2.046913e-002
657 2.022439e-002
658 1.997797e-002
659 1.972987e-002
660 1.948010e-002
661 1.922865e-002
662 1.897552e-002
663 1.872072e-002
664 1.846424e-002
665 1.820610e-002
666 1.794628e-002
667 1.768479e-002
668 1.742164e-002
669 1.715682e-002
670 1.689034e-002
671 1.662220e-002
672 1.635239e-002
673 1.608093e-002
674 1.580780e-002
675 1.553303e-002
676 1.525659e-002
677 1.497851e-002
678 1.469878e-002
679 1.441740e-002
680 1.413437e-002
681 1.384970e-002
682 1.356339e-002
683 1.327544e-002
684 1.298585e-002
685 1.269462e-002
686 1.240176e-002
687 1.210727e-002
688 1.181116e-002
689 1.151342e-002
690 1.121405e-002
691 1.091306e-002
692 1.061046e-002
693 1.030624e-002
694 1.000041e-002
695 9.692966e-003
696 9.383917e-003
697 9.073264e-003
698 8.761010e-003
699 8.447157e-003
700 8.131709e-003
701 7.814669e-003
702 7.496039e-003
703 7.175822e-003
704 6.854022e-003
705 6.530643e-003
706 6.205686e-003
707 5.879156e-003
708 5.551057e-003
709 5.221391e-003
710 4.890162e-003
711 4.557373e-003
712 4.223028e-003
713 3.887130e-003
714 3.549683e-003
715 3.210691e-003
716 2.870157e-003
717 2.528086e-003
718 2.184482e-003
719 1.839348e-003
720 1.492689e-003
721 1.144508e-003
722 7.948093e-004
723 4.435967e-004
724 9.087442e-005
725 -2.633532e-004
726 -6.190820e-004
727 -9.763077e-004
728 -1.335026e-003
729 -1.695233e-003
730 -2.056924e-003
731 -2.420094e-003
732 -2.784741e-003
733 -3.150859e-003
734 -3.518443e-003
735 -3.887489e-003
736 -4.257993e-003
737 -4.629948e-003
738 -5.003350e-003
739 -5.378195e-003
740 -5.754477e-003
741 -6.132191e-003
742 -6.511334e-003
743 -6.891899e-003
744 -7.273883e-003
745 -7.657278e-003
746 -8.042081e-003
747 -8.428286e-003
748 -8.815888e-003
749 -9.204882e-003
750 -9.595262e-003
751 -9.987023e-003
752 -1.038016e-002
753 -1.077467e-002
754 -1.117054e-002
755 -1.156777e-002
756 -1.196636e-002
757 -1.236629e-002
758 -1.276757e-002
759 -1.317018e-002
760 -1.357412e-002
761 -1.397939e-002
762 -1.438598e-002
763 -1.479388e-002
764 -1.520309e-002
765 -1.561360e-002
766 -1.602541e-002
767 -1.643850e-002
768 -1.685288e-002
769 -1.726853e-002
770 -1.768546e-002
771 -1.810365e-002
772 -1.852310e-002
773 -1.894380e-002
774 -1.936575e-002
775 -1.978894e-002
776 -2.021336e-002
777 -2.063901e-002
778 -2.106588e-002
779 -2.149396e-002
780 -2.192325e-002
781 -2.235375e-002
782 -2.278543e-002
783 -2.321830e-002
784 -2.365236e-002
785 -2.408758e-002
786 -2.452397e-002
787 -2.496153e-002
788 -2.540023e-002
789 -2.584008e-002
790 -2.628107e-002
791 -2.672319e-002
792 -2.716644e-002
793 -2.761080e-002
794 -2.805628e-002
795 -2.850285e-002
796 -2.895053e-002
797 -2.939929e-002
798 -2.984913e-002
799 -3.030005e-002
800 -3.075203e-002
801 -3.120507e-002
802 -3.165917e-002
803 -3.211431e-002
804 -3.257049e-002
805 -3.302770e-002
806 -3.348592e-002
807 -3.394517e-002
808 -3.440542e-002
809 -3.486667e-002
810 -3.532891e-002
811 -3.579213e-002
812 -3.625633e-002
813 -3.672150e-002
814 -3.718762e-002
815 -3.765470e-002
816 -3.812273e-002
817 -3.859169e-002
818 -3.906158e-002
819 -3.953238e-002
820 -4.000410e-002
821 -4.047673e-002
822 -4.095025e-002
823 -4.142466e-002
824 -4.189995e-002
825 -4.237611e-002
826 -4.285313e-002
827 -4.333101e-002
828 -4.380973e-002
829 -4.428930e-002
830 -4.476969e-002
831 -4.525090e-002
832 -4.573293e-002
833 -4.621576e-002
834 -4.669939e-002
835 -4.718380e-002
836 -4.766900e-002
837 -4.815496e-002
838 -4.864169e-002
839 -4.912917e-002
840 -4.961739e-002
841 -5.010635e-002
842 -5.059604e-002
843 -5.108645e-002
844 -5.157756e-002
845 -5.206938e-002
846 -5.256189e-002
847 -5.305509e-002
848 -5.354895e-002
849 -5.404348e-002
850 -5.453867e-002
851 -5.503451e-002
852 -5.553098e-002
853 -5.602808e-002
854 -5.652580e-002
855 -5.702414e-002
856 -5.752307e-002
857 -5.802259e-002
858 -5.852270e-002
859 -5.902339e-002
860 -5.952464e-002
861 -6.002644e-002
862 -6.052879e-002
863 -6.103168e-002
864 -6.153509e-002
865 -6.203903e-002
866 -6.254347e-002
867 -6.304842e-002
868 -6.355385e-002
869 -6.405977e-002
870 -6.456615e-002
871 -6.507300e-002
872 -6.558030e-002
873 -6.608804e-002
874 -6.659622e-002
875 -6.710482e-002
876 -6.761383e-002
877 -6.812325e-002
878 -6.863307e-002
879 -6.914326e-002
880 -6.965384e-002
881 -7.016478e-002
882 -7.067608e-002
883 -7.118773e-002
884 -7.169971e-002
885 -7.221202e-002
886 -7.272465e-002
887 -7.323759e-002
888 -7.375082e-002
889 -7.426434e-002
890 -7.477814e-002
891 -7.529221e-002
892 -7.580654e-002
893 -7.632112e-002
894 -7.683593e-002
895 -7.735097e-002
896 -7.786624e-002
897 -7.838171e-002
898 -7.889738e-002
899 -7.941323e-002
900 -7.992927e-002
901 -8.044548e-002
902 -8.096184e-002
903 -8.147835e-002
904 -8.199500e-002
905 -8.251178e-002
906 -8.302868e-002
907 -8.354569e-002
908 -8.406280e-002
909 -8.457999e-002
910 -8.509727e-002
911 -8.561461e-002
912 -8.613201e-002
913 -8.664946e-002
914 -8.716695e-002
915 -8.768446e-002
916 -8.820200e-002
917 -8.871954e-002
918 -8.923708e-002
919 -8.975460e-002
920 -9.027210e-002
921 -9.078957e-002
922 -9.130699e-002
923 -9.182436e-002
924 -9.234166e-002
925 -9.285888e-002
926 -9.337602e-002
927 -9.389307e-002
928 -9.441001e-002
929 -9.492683e-002
930 -9.544353e-002
931 -9.596009e-002
932 -9.647650e-002
933 -9.699276e-002
934 -9.750885e-002
935 -9.802476e-002
936 -9.854048e-002
937 -9.905601e-002
938 -9.957133e-002
939 -1.000864e-001
940 -1.006013e-001
941 -1.011159e-001
942 -1.016303e-001
943 -1.021444e-001
944 -1.026583e-001
945 -1.031718e-001
946 -1.036851e-001
947 -1.041981e-001
948 -1.047107e-001
949 -1.052231e-001
950 -1.057350e-001
951 -1.062467e-001
952 -1.067580e-001
953 -1.072689e-001
954 -1.077795e-001
955 -1.082897e-001
956 -1.087994e-001
957 -1.093088e-001
958 -1.098178e-001
959 -1.103263e-001
960 -1.108344e-001
961 -1.113420e-001
962 -1.118492e-001
963 -1.123559e-001
964 -1.128622e-001
965 -1.133679e-001
966 -1.138732e-001
967 -1.143779e-001
968 -1.148821e-001
969 -1.153858e-001
970 -1.158890e-001
971 -1.163916e-001
972 -1.168936e-001
973 -1.173951e-001
974 -1.178960e-001
975 -1.183963e-001
976 -1.188960e-001
977 -1.193950e-001
978 -1.198935e-001
979 -1.203913e-001
980 -1.208885e-001
981 -1.213850e-001
982 -1.218809e-001
983 -1.223761e-001
984 -1.228706e-001
985 -1.233644e-001
986 -1.238575e-001
987 -1.243499e-001
988 -1.248415e-001
989 -1.253325e-001
990 -1.258226e-001
991 -1.263121e-001
992 -1.268007e-001
993 -1.272886e-001
994 -1.277756e-001
995 -1.282619e-001
996 -1.287474e-001
997 -1.292320e-001
998 -1.297158e-001
999 -1.301988e-001
1000 -1.306809e-001
